openTime,open,high,low,close,volume
1577836800000,0.00523900,0.00552500,0.00522900,0.00535800,453812899.00000000
1577923200000,0.00535700,0.00540600,0.00505900,0.00509400,417081261.00000000
1578009600000,0.00509400,0.00544900,0.00501000,0.00532700,601653460.00000000
1578096000000,0.00533200,0.00567400,0.00528200,0.00562000,533415662.00000000
1578182400000,0.00562100,0.00569900,0.00542200,0.00546500,531159516.00000000
1578268800000,0.00546700,0.00574200,0.00543100,0.00573000,916784645.00000000
1578355200000,0.00573200,0.00578800,0.00545400,0.00557800,795501022.00000000
1578441600000,0.00557200,0.00561900,0.00520000,0.00549200,1074068492.00000000
1578528000000,0.00549400,0.00549400,0.00530500,0.00531900,416043450.00000000
1578614400000,0.00532800,0.00558000,0.00529400,0.00545400,716327414.00000000
1578700800000,0.00545100,0.00555000,0.00535000,0.00552600,611880898.00000000
1578787200000,0.00552400,0.00559400,0.00542000,0.00552300,543729250.00000000
1578873600000,0.00552600,0.00552900,0.00535200,0.00540700,291523187.00000000
1578960000000,0.00541500,0.00605900,0.00540600,0.00599400,1740877625.00000000
1579046400000,0.00599300,0.00624800,0.00573400,0.00600300,1490447526.00000000
1579132800000,0.00600200,0.00604900,0.00570900,0.00588500,769847102.00000000
1579219200000,0.00588300,0.00657900,0.00583100,0.00639200,1483242988.00000000
1579305600000,0.00639300,0.00640000,0.00609500,0.00623900,621111653.00000000
1579392000000,0.00623800,0.00629700,0.00577000,0.00586200,969319923.00000000
1579478400000,0.00586300,0.00597200,0.00569000,0.00581400,482101637.00000000
1579564800000,0.00581700,0.00601100,0.00574300,0.00596400,513453392.00000000
1579651200000,0.00596400,0.00600000,0.00580100,0.00586300,269483333.00000000
1579737600000,0.00586600,0.00587000,0.00545700,0.00560700,704214291.00000000
1579824000000,0.00560800,0.00565400,0.00548100,0.00558000,432436775.00000000
1579910400000,0.00558100,0.00566200,0.00548200,0.00562300,217913506.00000000
1579996800000,0.00562200,0.00574500,0.00553600,0.00573000,305903749.00000000
1580083200000,0.00573300,0.00588800,0.00564500,0.00574800,543955684.00000000
1580169600000,0.00574300,0.00589000,0.00573900,0.00580000,649403456.00000000
1580256000000,0.00580000,0.00588300,0.00566500,0.00573300,611207155.00000000
1580342400000,0.00573300,0.00582600,0.00564200,0.00568700,786433803.00000000
1580428800000,0.00568700,0.00583000,0.00549400,0.00576600,886241403.00000000
1580515200000,0.00576800,0.00616700,0.00576700,0.00599700,1333124191.00000000
1580601600000,0.00599600,0.00646400,0.00583500,0.00622900,1140866751.00000000
1580688000000,0.00623200,0.00639800,0.00607300,0.00630400,743425932.00000000
1580774400000,0.00630300,0.00665000,0.00615600,0.00653200,1286050988.00000000
1580860800000,0.00653100,0.00666700,0.00634500,0.00647200,1127609116.00000000
1580947200000,0.00647100,0.00695000,0.00639000,0.00680000,1097472153.00000000
1581033600000,0.00680100,0.00697300,0.00665200,0.00681700,1035834215.00000000
1581120000000,0.00682200,0.00682400,0.00649200,0.00666900,865978937.00000000
1581206400000,0.00666900,0.00688000,0.00665300,0.00682500,616968900.00000000
1581292800000,0.00682500,0.00688400,0.00636600,0.00651000,1113347025.00000000
1581379200000,0.00651000,0.00750000,0.00638000,0.00748500,1753589308.00000000
1581465600000,0.00748400,0.00793300,0.00737700,0.00747000,2076501450.00000000
1581552000000,0.00747000,0.00820000,0.00744500,0.00805900,2321889304.00000000
1581638400000,0.00806300,0.00840400,0.00759600,0.00830100,1579870629.00000000
1581724800000,0.00830900,0.00843700,0.00725600,0.00747000,1882638198.00000000
1581811200000,0.00747000,0.00767600,0.00654500,0.00708100,2008791389.00000000
1581897600000,0.00708100,0.00714500,0.00626900,0.00674300,1907907401.00000000
1581984000000,0.00674700,0.00725000,0.00661200,0.00705800,1456922173.00000000
1582070400000,0.00705800,0.00717400,0.00632000,0.00648400,1006040256.00000000
1582156800000,0.00648000,0.00658000,0.00636300,0.00649000,1116935724.00000000
1582243200000,0.00649600,0.00683600,0.00643900,0.00663300,803347262.00000000
1582329600000,0.00663400,0.00667700,0.00644000,0.00659300,495211738.00000000
1582416000000,0.00659100,0.00698200,0.00658900,0.00695500,467455432.00000000
1582502400000,0.00695500,0.00731200,0.00663100,0.00671300,1363696234.00000000
1582588800000,0.00671200,0.00672700,0.00611400,0.00621100,1219003571.00000000
1582675200000,0.00621100,0.00627600,0.00534400,0.00555400,2171848909.00000000
1582761600000,0.00555700,0.00594800,0.00515400,0.00580600,1925021971.00000000
1582848000000,0.00580700,0.00591800,0.00534200,0.00575000,1152820872.00000000
1582934400000,0.00575000,0.00589200,0.00561500,0.00561500,589874671.00000000
1583020800000,0.00561600,0.00578900,0.00534000,0.00542700,905223907.00000000
1583107200000,0.00542700,0.00586100,0.00539100,0.00583700,779714498.00000000
1583193600000,0.00583800,0.00586800,0.00561900,0.00577300,621399290.00000000
1583280000000,0.00577200,0.00614700,0.00573200,0.00603500,873539646.00000000
1583366400000,0.00603300,0.00632300,0.00603300,0.00612900,711681372.00000000
1583452800000,0.00612600,0.00619700,0.00597600,0.00614000,594934885.00000000
1583539200000,0.00613900,0.00618300,0.00564100,0.00578800,879186862.00000000
1583625600000,0.00579200,0.00579200,0.00464000,0.00469800,1683105409.00000000
1583712000000,0.00469900,0.00489200,0.00437200,0.00467400,3021254722.00000000
1583798400000,0.00467300,0.00493500,0.00457100,0.00469100,1788990573.00000000
1583884800000,0.00469300,0.00475200,0.00409100,0.00446200,1565730218.00000000
1583971200000,0.00446400,0.00449500,0.00216300,0.00228300,4691886668.00000000
1584057600000,0.00228600,0.00316200,0.00156500,0.00282300,5330675083.00000000
1584144000000,0.00282300,0.00284000,0.00248000,0.00254500,2169004082.00000000
1584230400000,0.00254200,0.00281000,0.00243100,0.00252400,2229529442.00000000
1584316800000,0.00252400,0.00262700,0.00195500,0.00226000,4294370331.00000000
1584403200000,0.00226200,0.00257600,0.00220700,0.00246700,2509451405.00000000
1584489600000,0.00246900,0.00254500,0.00228300,0.00254400,1441390667.00000000
1584576000000,0.00254300,0.00305700,0.00253100,0.00290700,2112485505.00000000
1584662400000,0.00290700,0.00313300,0.00260500,0.00284500,2613801948.00000000
1584748800000,0.00284500,0.00299000,0.00266900,0.00289700,1618428742.00000000
1584835200000,0.00289200,0.00304400,0.00257500,0.00261000,1514943379.00000000
1584921600000,0.00260900,0.00298000,0.00254200,0.00285900,1975184303.00000000
1585008000000,0.00285800,0.00308600,0.00282400,0.00306000,1626639414.00000000
1585094400000,0.00305800,0.00321100,0.00294600,0.00305600,1637141748.00000000
1585180800000,0.00305900,0.00311200,0.00299500,0.00307900,1039011877.00000000
1585267200000,0.00307800,0.00354000,0.00298300,0.00299800,2782795172.00000000
1585353600000,0.00299900,0.00304300,0.00284000,0.00296900,1569225946.00000000
1585440000000,0.00296900,0.00298100,0.00270600,0.00272100,996704411.00000000
1585526400000,0.00272200,0.00304000,0.00270100,0.00293300,1621595281.00000000
1585612800000,0.00293200,0.00328200,0.00291600,0.00310800,1963027156.00000000
1585699200000,0.00310700,0.00318200,0.00295100,0.00315300,1363408598.00000000
1585785600000,0.00315500,0.00345100,0.00310300,0.00322800,1792594074.00000000
1585872000000,0.00322900,0.00329600,0.00316600,0.00326000,1145259295.00000000
1585958400000,0.00326000,0.00329600,0.00317200,0.00324500,1265886868.00000000
1586044800000,0.00324600,0.00327800,0.00316900,0.00323000,611880432.00000000
1586131200000,0.00323000,0.00367100,0.00322700,0.00364300,1838323224.00000000
1586217600000,0.00364200,0.00466300,0.00355900,0.00387200,4578916711.00000000
1586304000000,0.00387200,0.00403800,0.00380600,0.00397900,1848053122.00000000
1586390400000,0.00397900,0.00400400,0.00376200,0.00386600,1118799085.00000000
1586476800000,0.00386400,0.00386700,0.00346300,0.00360800,1615980446.00000000
1586563200000,0.00360900,0.00375100,0.00355200,0.00367900,1112585648.00000000
1586649600000,0.00368000,0.00384200,0.00356400,0.00368100,913198355.00000000
1586736000000,0.00368100,0.00368100,0.00344200,0.00360900,1219081318.00000000
1586822400000,0.00360900,0.00376300,0.00353600,0.00366700,1003895118.00000000
1586908800000,0.00366900,0.00389900,0.00358000,0.00365800,1456214551.00000000
1586995200000,0.00366100,0.00389000,0.00351100,0.00382800,1928909127.00000000
1587081600000,0.00382600,0.00387700,0.00374300,0.00378300,766642659.00000000
1587168000000,0.00378100,0.00403100,0.00377800,0.00396800,781734368.00000000
1587254400000,0.00396900,0.00402100,0.00381600,0.00390400,923949157.00000000
1587340800000,0.00390800,0.00403300,0.00358000,0.00364400,1633623030.00000000
1587427200000,0.00364300,0.00377600,0.00361400,0.00367700,1158499729.00000000
1587513600000,0.00367300,0.00394600,0.00366300,0.00389800,998620801.00000000
1587600000000,0.00389700,0.00410900,0.00376900,0.00395200,1578483263.00000000
1587686400000,0.00395000,0.00415000,0.00389700,0.00408500,1321161709.00000000
1587772800000,0.00408200,0.00430200,0.00402100,0.00421600,1548063184.00000000
1587859200000,0.00421500,0.00453300,0.00416000,0.00448000,1698730652.00000000
1587945600000,0.00448100,0.00453000,0.00423300,0.00435600,1431202547.00000000
1588032000000,0.00435600,0.00445500,0.00428300,0.00428700,880523296.00000000
1588118400000,0.00428500,0.00488700,0.00426900,0.00476600,2701167045.00000000
1588204800000,0.00476800,0.00485800,0.00420000,0.00435300,2851230400.00000000
1588291200000,0.00435100,0.00464900,0.00435100,0.00443700,1566607432.00000000
1588377600000,0.00443600,0.00453900,0.00439500,0.00451500,850546734.00000000
1588464000000,0.00451600,0.00460000,0.00424800,0.00433200,1382369403.00000000
1588550400000,0.00433200,0.00461900,0.00404400,0.00444400,2547052464.00000000
1588636800000,0.00444700,0.00447900,0.00421500,0.00441900,1544038074.00000000
1588723200000,0.00442000,0.00451800,0.00422600,0.00425000,1949179248.00000000
1588809600000,0.00424800,0.00458700,0.00420000,0.00451000,2066773332.00000000
1588896000000,0.00451100,0.00486500,0.00450200,0.00478300,1991413330.00000000
1588982400000,0.00478100,0.00495000,0.00447900,0.00454900,1582164386.00000000
1589068800000,0.00455100,0.00456000,0.00376700,0.00416500,2861273194.00000000
1589155200000,0.00416600,0.00425900,0.00387400,0.00411300,2085875021.00000000
1589241600000,0.00411200,0.00429500,0.00400800,0.00424300,1621648497.00000000
1589328000000,0.00424000,0.00454900,0.00417600,0.00445900,1124050982.00000000
1589414400000,0.00445900,0.00456500,0.00436900,0.00449400,1529369808.00000000
1589500800000,0.00449400,0.00455900,0.00435300,0.00437700,1124627467.00000000
1589587200000,0.00437900,0.00448800,0.00435300,0.00444900,1031998155.00000000
1589673600000,0.00444900,0.00458400,0.00438000,0.00442600,946445215.00000000
1589760000000,0.00443000,0.00463300,0.00441500,0.00448700,1281571556.00000000
1589846400000,0.00448700,0.00454200,0.00437000,0.00453400,1150595037.00000000
1589932800000,0.00453700,0.00465200,0.00437200,0.00452500,1215531409.00000000
1590019200000,0.00452100,0.00456900,0.00408800,0.00423700,1391426393.00000000
1590105600000,0.00423100,0.00475000,0.00417700,0.00464000,1984790630.00000000
1590192000000,0.00464100,0.00479000,0.00452500,0.00460900,1197603495.00000000
1590278400000,0.00461000,0.00480000,0.00446300,0.00446700,1400508049.00000000
1590364800000,0.00446200,0.00512600,0.00438800,0.00506400,3054674553.00000000
1590451200000,0.00506700,0.00509000,0.00469400,0.00487100,2129885978.00000000
1590537600000,0.00487100,0.00500700,0.00478300,0.00489600,1483429040.00000000
1590624000000,0.00489700,0.00555000,0.00487600,0.00550800,2942437579.00000000
1590710400000,0.00551200,0.00564500,0.00528100,0.00554700,2012150317.00000000
1590796800000,0.00555300,0.00625900,0.00550800,0.00622700,2480774833.00000000
1590883200000,0.00622600,0.00694500,0.00601100,0.00624700,4146429392.00000000
1590969600000,0.00623700,0.00687800,0.00617600,0.00665500,2919623416.00000000
1591056000000,0.00666000,0.00776800,0.00652000,0.00725000,5671586707.00000000
1591142400000,0.00725200,0.00750200,0.00683300,0.00709900,3071050811.00000000
1591228800000,0.00710000,0.00724000,0.00657800,0.00673200,2057088992.00000000
1591315200000,0.00673000,0.00706000,0.00665000,0.00669300,1469334951.00000000
1591401600000,0.00669100,0.00736900,0.00660100,0.00730100,1897886860.00000000
1591488000000,0.00730100,0.00745500,0.00691000,0.00724600,1836866216.00000000
1591574400000,0.00724500,0.00781500,0.00716500,0.00778700,1875149178.00000000
1591660800000,0.00778700,0.00829100,0.00757500,0.00818100,2076987217.00000000
1591747200000,0.00817700,0.00918800,0.00788300,0.00900800,4450903438.00000000
1591833600000,0.00900800,0.01064500,0.00866500,0.00876200,11479216003.00000000
1591920000000,0.00876300,0.00991000,0.00863400,0.00971000,4928987318.00000000
1592006400000,0.00971000,0.00985900,0.00925400,0.00959700,2274756419.00000000
1592092800000,0.00959700,0.00962000,0.00841900,0.00864000,3451014443.00000000
1592179200000,0.00864100,0.00930000,0.00769200,0.00901000,5372712903.00000000
1592265600000,0.00901800,0.00941800,0.00878200,0.00906100,3040162135.00000000
1592352000000,0.00906200,0.00924700,0.00861200,0.00901300,2415094701.00000000
1592438400000,0.00901300,0.00904600,0.00836500,0.00866000,1690292130.00000000
1592524800000,0.00865900,0.00873300,0.00831100,0.00837900,1530248835.00000000
1592611200000,0.00837900,0.00846900,0.00808200,0.00829000,1207426567.00000000
1592697600000,0.00829100,0.00888000,0.00829100,0.00862600,1679872701.00000000
1592784000000,0.00862800,0.00945000,0.00857700,0.00928300,2160466835.00000000
1592870400000,0.00928300,0.00936900,0.00886000,0.00890300,1753235775.00000000
1592956800000,0.00890300,0.00927000,0.00865400,0.00899600,1925447369.00000000
1593043200000,0.00899600,0.00919100,0.00860000,0.00888200,1724950193.00000000
1593129600000,0.00888200,0.00903200,0.00875600,0.00894900,1240563897.00000000
1593216000000,0.00894900,0.00916700,0.00814900,0.00860800,1711077683.00000000
1593302400000,0.00861200,0.00880800,0.00841300,0.00869000,1149749804.00000000
1593388800000,0.00869000,0.00885600,0.00846100,0.00869100,1291890685.00000000
1593475200000,0.00869100,0.00887200,0.00858000,0.00883700,871690740.00000000
1593561600000,0.00884200,0.00952800,0.00866800,0.00943600,2060252162.00000000
1593648000000,0.00943700,0.00976800,0.00910000,0.00955600,2786928921.00000000
1593734400000,0.00956000,0.01048000,0.00949300,0.01022300,3409450555.00000000
1593820800000,0.01022100,0.01300000,0.01016600,0.01252500,5497871626.90000000
1593907200000,0.01252600,0.01697000,0.01192600,0.01430700,12837558118.40000000
1593993600000,0.01430700,0.01597600,0.01406500,0.01442000,6488455411.00000000
1594080000000,0.01442200,0.01780000,0.01438500,0.01732500,4697595613.30000000
1594166400000,0.01733600,0.02197800,0.01672600,0.01993200,10983648439.50000000
1594252800000,0.01993200,0.02000000,0.01694400,0.01825000,6987155743.00000000
1594339200000,0.01824900,0.01945000,0.01360000,0.01711900,8672911875.00000000
1594425600000,0.01711900,0.01873000,0.01650400,0.01853500,4026381995.00000000
1594512000000,0.01851700,0.01874200,0.01732400,0.01815500,2351476568.00000000
1594598400000,0.01816900,0.01981900,0.01795000,0.01846100,4261761940.00000000
1594684800000,0.01846000,0.01883600,0.01730000,0.01845000,2201962999.00000000
1594771200000,0.01844600,0.01988800,0.01844600,0.01899600,2722691227.00000000
1594857600000,0.01899900,0.01939600,0.01702200,0.01803600,2442870240.00000000
1594944000000,0.01803500,0.01913300,0.01781400,0.01821100,1618701582.00000000
1595030400000,0.01821000,0.01868700,0.01789000,0.01816800,935844780.00000000
1595116800000,0.01817300,0.01838400,0.01730000,0.01801700,1300085308.00000000
1595203200000,0.01802400,0.01807300,0.01588000,0.01607400,2507955464.00000000
1595289600000,0.01607400,0.01899500,0.01588000,0.01750000,3247543887.00000000
1595376000000,0.01750000,0.01780000,0.01699800,0.01746700,1236709582.00000000
1595462400000,0.01745700,0.01791400,0.01718900,0.01738100,1032210468.00000000
1595548800000,0.01738100,0.01741900,0.01669700,0.01699500,895842222.00000000
1595635200000,0.01698900,0.01839600,0.01689500,0.01821800,1653884881.00000000
1595721600000,0.01821600,0.01844100,0.01725300,0.01755400,1296993759.00000000
1595808000000,0.01755400,0.01765500,0.01418800,0.01564100,3602360973.00000000
1595894400000,0.01563800,0.01665100,0.01544500,0.01598000,1987705898.00000000
1595980800000,0.01597800,0.01639300,0.01536300,0.01558300,1541445601.00000000
1596067200000,0.01558000,0.01782000,0.01532200,0.01731500,2557628547.00000000
1596153600000,0.01731600,0.01845000,0.01672100,0.01720400,3061270461.00000000
1596240000000,0.01720500,0.01751000,0.01678000,0.01731900,1920738637.00000000
1596326400000,0.01731000,0.01740600,0.01470000,0.01620700,2254904587.00000000
1596412800000,0.01620700,0.01680500,0.01597500,0.01670000,955165337.00000000
1596499200000,0.01669100,0.01890000,0.01659000,0.01873400,2357369126.00000000
1596585600000,0.01873900,0.01939500,0.01783300,0.01879300,2715841764.00000000
1596672000000,0.01879800,0.02027800,0.01852300,0.01970400,2663287781.00000000
1596758400000,0.01970400,0.02026800,0.01794400,0.01867100,2356780452.00000000
1596844800000,0.01867000,0.02112000,0.01842800,0.02081500,2055724181.00000000
1596931200000,0.02081200,0.02299000,0.02025200,0.02192900,2780715269.00000000
1597017600000,0.02192200,0.02211700,0.01996500,0.02142200,2365664347.00000000
1597104000000,0.02142800,0.02180000,0.01899000,0.01996600,2140338971.00000000
1597190400000,0.01995100,0.02088800,0.01839600,0.02042900,1712599313.00000000
1597276800000,0.02043300,0.02080400,0.01880000,0.01959800,1759336898.00000000
1597363200000,0.01961400,0.02096500,0.01947800,0.02051300,1411791240.00000000
1597449600000,0.02051300,0.02060500,0.01907200,0.01957500,1175631610.00000000
1597536000000,0.01957400,0.02012000,0.01900500,0.01984200,1112614249.00000000
1597622400000,0.01984000,0.02133500,0.01943100,0.02002000,1924498941.00000000
1597708800000,0.02001700,0.02032300,0.01861100,0.01908900,1662087606.00000000
1597795200000,0.01908700,0.01950000,0.01700000,0.01785700,2330571271.00000000
1597881600000,0.01784300,0.01942300,0.01780200,0.01939200,1526724700.00000000
1597968000000,0.01938800,0.01996400,0.01784900,0.01796200,1783467904.00000000
1598054400000,0.01797400,0.01843500,0.01722900,0.01816500,1121941438.00000000
1598140800000,0.01816500,0.01832400,0.01774200,0.01788900,643766819.00000000
1598227200000,0.01789700,0.01876800,0.01761100,0.01817000,678574092.00000000
1598313600000,0.01815900,0.01820000,0.01623300,0.01688300,1281514578.00000000
1598400000000,0.01687000,0.01753100,0.01655600,0.01711300,1014134509.00000000
1598486400000,0.01711500,0.01726900,0.01526200,0.01593300,1243869220.00000000
1598572800000,0.01593800,0.01683500,0.01567500,0.01631700,793833148.00000000
1598659200000,0.01631700,0.01720000,0.01600000,0.01674400,955990705.00000000
1598745600000,0.01674400,0.01743900,0.01667000,0.01711300,1158692678.00000000
1598832000000,0.01710700,0.01867000,0.01686500,0.01737200,2629917708.00000000
1598918400000,0.01737300,0.01765000,0.01672400,0.01698900,1593821588.00000000
1599004800000,0.01697000,0.01726500,0.01515600,0.01599500,1531067722.00000000
1599091200000,0.01599500,0.01690000,0.01127200,0.01234300,3421245678.00000000
1599177600000,0.01233400,0.01475000,0.01060000,0.01426800,4660292357.00000000
1599264000000,0.01426900,0.01471600,0.01085000,0.01210100,4181717568.00000000
1599350400000,0.01209800,0.01300000,0.01100300,0.01235400,2672933711.00000000
1599436800000,0.01235200,0.01261300,0.01100000,0.01220100,2719705517.00000000
1599523200000,0.01220000,0.01346400,0.01175000,0.01211900,2913934238.00000000
1599609600000,0.01211800,0.01324100,0.01163000,0.01284100,1961166967.00000000
1599696000000,0.01283900,0.01368200,0.01282000,0.01300500,1790472669.00000000
1599782400000,0.01299900,0.01338300,0.01243700,0.01323900,1340266677.00000000
1599868800000,0.01324600,0.01342900,0.01286000,0.01341900,966761367.00000000
1599955200000,0.01341900,0.01383200,0.01225400,0.01281000,1710643692.00000000
1600041600000,0.01281600,0.01326200,0.01243800,0.01286100,1254879402.00000000
1600128000000,0.01285300,0.01344400,0.01253600,0.01256900,1425847012.00000000
1600214400000,0.01256400,0.01267500,0.01208800,0.01246000,1439325808.00000000
1600300800000,0.01245500,0.01379200,0.01237600,0.01351400,1732217771.00000000
1600387200000,0.01350600,0.01533500,0.01337800,0.01443000,2603147306.00000000
1600473600000,0.01442900,0.01547500,0.01383100,0.01526500,1663696067.00000000
1600560000000,0.01526000,0.01589500,0.01383000,0.01447600,1622858873.00000000
1600646400000,0.01447100,0.01477700,0.01216700,0.01260500,2796874971.00000000
1600732800000,0.01261400,0.01302800,0.01203100,0.01234000,1525378152.00000000
1600819200000,0.01233800,0.01239700,0.01111100,0.01138100,2292228303.00000000
1600905600000,0.01138300,0.01265000,0.01121200,0.01238500,1397217115.00000000
1600992000000,0.01238100,0.01328100,0.01183600,0.01290900,1954141240.00000000
1601078400000,0.01291600,0.01336000,0.01244000,0.01285100,1119275359.00000000
1601164800000,0.01284500,0.01306000,0.01227100,0.01274100,970889020.00000000
1601251200000,0.01274400,0.01359900,0.01273900,0.01276500,1711027138.00000000
1601337600000,0.01276600,0.01319900,0.01232400,0.01316900,1608891209.00000000
1601424000000,0.01317000,0.01359000,0.01264700,0.01351900,1410074975.00000000
1601510400000,0.01352100,0.01365300,0.01247500,0.01273200,1304889127.00000000
1601596800000,0.01272500,0.01290000,0.01152300,0.01185900,1797615678.00000000
1601683200000,0.01186300,0.01216700,0.01171100,0.01173900,868863665.00000000
1601769600000,0.01173900,0.01187400,0.01133500,0.01165700,1023790852.00000000
1601856000000,0.01165900,0.01189300,0.01124700,0.01138300,1126898214.00000000
1601942400000,0.01138100,0.01147200,0.01003900,0.01010600,2079713359.00000000
1602028800000,0.01011000,0.01128300,0.00968100,0.01122700,2220452922.00000000
1602115200000,0.01122500,0.01147400,0.01044500,0.01101200,2080423893.00000000
1602201600000,0.01100600,0.01180300,0.01078000,0.01145500,1647939979.00000000
1602288000000,0.01145600,0.01204000,0.01130000,0.01140000,1475399685.00000000
1602374400000,0.01139500,0.01193500,0.01124100,0.01143600,1154427218.00000000
1602460800000,0.01143200,0.01183100,0.01090500,0.01137700,1792342058.00000000
1602547200000,0.01137500,0.01176700,0.01131800,0.01148200,1119050792.00000000
1602633600000,0.01148900,0.01158300,0.01080200,0.01113900,1300293036.00000000
1602720000000,0.01113900,0.01128500,0.01070000,0.01096300,793469024.00000000
1602806400000,0.01095900,0.01125000,0.01031400,0.01059100,874900984.00000000
1602892800000,0.01059600,0.01105500,0.01049900,0.01098800,611662450.00000000
1602979200000,0.01098700,0.01189000,0.01096300,0.01162700,944373362.00000000
1603065600000,0.01162700,0.01179000,0.01130300,0.01139600,804933302.00000000
1603152000000,0.01139300,0.01139900,0.01071000,0.01078100,823382252.00000000
1603238400000,0.01078800,0.01151500,0.01074500,0.01133900,992072577.00000000
1603324800000,0.01133300,0.01244000,0.01115400,0.01215500,1584408183.00000000
1603411200000,0.01215700,0.01257400,0.01169800,0.01221800,1256726719.00000000
1603497600000,0.01221800,0.01243300,0.01200500,0.01228200,679586280.00000000
1603584000000,0.01227100,0.01257400,0.01174900,0.01179000,777709133.00000000
1603670400000,0.01178600,0.01197500,0.01110400,0.01136800,963566171.00000000
1603756800000,0.01136800,0.01166100,0.01106200,0.01137000,1093460615.00000000
1603843200000,0.01137000,0.01145800,0.01041900,0.01063800,1101830630.00000000
1603929600000,0.01064000,0.01084600,0.00990000,0.01018600,1044100760.00000000
1604016000000,0.01018700,0.01034600,0.00950000,0.01008000,1206667583.00000000
1604102400000,0.01008100,0.01036000,0.00982000,0.00989500,670723652.00000000
1604188800000,0.00988900,0.01060700,0.00981500,0.01050500,840387713.00000000
1604275200000,0.01050300,0.01070000,0.00993900,0.01005000,673383472.00000000
1604361600000,0.01004900,0.01011500,0.00919500,0.00925000,1212246921.00000000
1604448000000,0.00924200,0.00967100,0.00889400,0.00939800,2784173410.00000000
1604534400000,0.00941400,0.00988000,0.00918600,0.00972100,1563208094.00000000
1604620800000,0.00971900,0.01125000,0.00967200,0.01119600,1819263903.00000000
1604707200000,0.01119800,0.01210800,0.01015200,0.01038300,2722416237.00000000
1604793600000,0.01038400,0.01142000,0.01018200,0.01112200,1110187518.00000000
1604880000000,0.01111600,0.01197400,0.01041000,0.01103500,1361730318.00000000
1604966400000,0.01104200,0.01189000,0.01091400,0.01158300,1452202421.00000000
1605052800000,0.01158300,0.01185000,0.01133200,0.01134000,1026792705.00000000
1605139200000,0.01133500,0.01155000,0.01047700,0.01064400,1124424606.00000000
1605225600000,0.01065400,0.01199400,0.00998800,0.01181400,1660427212.00000000
1605312000000,0.01181200,0.01184200,0.01091700,0.01124500,1068020431.00000000
1605398400000,0.01125000,0.01155900,0.01075000,0.01103900,672470942.00000000
1605484800000,0.01102900,0.01149000,0.01086100,0.01133600,680601031.00000000
1605571200000,0.01133300,0.01261700,0.01130400,0.01234600,1702165788.00000000
1605657600000,0.01234500,0.01246100,0.01130000,0.01177700,1292417857.00000000
1605744000000,0.01178600,0.01184000,0.01114400,0.01150400,860071481.00000000
1605830400000,0.01150300,0.01208300,0.01140800,0.01205900,969237053.00000000
1605916800000,0.01205300,0.01470000,0.01167700,0.01442600,2896609999.00000000
1606003200000,0.01442100,0.01465100,0.01269400,0.01390500,2296083928.00000000
1606089600000,0.01391800,0.01644300,0.01364000,0.01602300,2872386296.00000000
1606176000000,0.01601000,0.01737200,0.01497000,0.01617400,3405227429.00000000
1606262400000,0.01614600,0.01881100,0.01552900,0.01654800,4111640780.00000000
1606348800000,0.01654600,0.01704900,0.01226400,0.01462700,4404911443.00000000
1606435200000,0.01462800,0.01539100,0.01360100,0.01448700,2051816829.00000000
1606521600000,0.01450600,0.01608000,0.01405700,0.01535000,1668030142.00000000
1606608000000,0.01535300,0.01596200,0.01468300,0.01515100,1261238609.00000000
1606694400000,0.01515600,0.01645000,0.01483000,0.01597200,1687573338.00000000
1606780800000,0.01599000,0.01649000,0.01410000,0.01473700,1474438428.00000000
1606867200000,0.01473700,0.01692800,0.01433800,0.01640500,1584372725.00000000
1606953600000,0.01638900,0.01796100,0.01603600,0.01739700,2010476547.00000000
1607040000000,0.01738200,0.01777600,0.01541300,0.01569800,1363878761.00000000
1607126400000,0.01569700,0.01768000,0.01543000,0.01748400,1331882359.00000000
1607212800000,0.01748400,0.01759300,0.01650300,0.01714400,912883400.00000000
1607299200000,0.01715600,0.01849900,0.01644200,0.01813700,1915874039.00000000
1607385600000,0.01813500,0.01830800,0.01580000,0.01638200,1785899138.00000000
1607472000000,0.01637200,0.01711600,0.01506200,0.01675800,1620591491.00000000
1607558400000,0.01677500,0.01689800,0.01563900,0.01593700,804343154.00000000
1607644800000,0.01594400,0.01607800,0.01495600,0.01558700,1012034676.00000000
1607731200000,0.01559500,0.01671400,0.01555200,0.01649700,784296993.00000000
1607817600000,0.01650100,0.01700000,0.01622200,0.01647000,783131636.00000000
1607904000000,0.01646100,0.01662400,0.01612500,0.01637000,576292266.00000000
1607990400000,0.01637500,0.01692900,0.01602600,0.01650100,733488617.00000000
1608076800000,0.01650500,0.01746600,0.01618800,0.01727400,1197063066.00000000
1608163200000,0.01728600,0.01819500,0.01639200,0.01709200,1845034920.00000000
1608249600000,0.01708700,0.01767700,0.01660000,0.01742400,912326810.00000000
1608336000000,0.01742600,0.01810000,0.01715400,0.01737300,1091660738.00000000
1608422400000,0.01737200,0.01751700,0.01556900,0.01632500,1308906792.00000000
1608508800000,0.01632100,0.01652200,0.01510000,0.01552300,1067636434.00000000
1608595200000,0.01552400,0.01621000,0.01495000,0.01585400,955387775.00000000
1608681600000,0.01585900,0.01603500,0.01150000,0.01323600,2012271362.00000000
1608768000000,0.01323500,0.01512900,0.01259700,0.01489300,1802336252.00000000
1608854400000,0.01490800,0.01525200,0.01414500,0.01459800,969871060.00000000
1608940800000,0.01459900,0.01755000,0.01361000,0.01647100,2245119033.00000000
1609027200000,0.01647100,0.01800000,0.01575900,0.01654200,3919629181.00000000
1609113600000,0.01653000,0.02050000,0.01621700,0.02021200,3593428635.00000000
1609200000000,0.02021100,0.02133800,0.01860500,0.02113500,4778536966.00000000
1609286400000,0.02115300,0.02129900,0.01910000,0.02020000,2103014205.00000000
1609372800000,0.02022200,0.02031000,0.01825000,0.01875400,1429521606.00000000
1609459200000,0.01877500,0.02018500,0.01840100,0.01905200,1654197955.00000000
1609545600000,0.01905000,0.02120000,0.01847000,0.01999300,2226613989.00000000
1609632000000,0.02001300,0.02698200,0.01974100,0.02622600,6154508309.80000000
1609718400000,0.02625500,0.02718400,0.02119100,0.02459800,4732839020.70000000
1609804800000,0.02462200,0.02900000,0.02317600,0.02796400,4195835333.60000000
1609891200000,0.02796400,0.03226500,0.02714700,0.03081900,4680573055.00000000
1609977600000,0.03081700,0.03190100,0.02712200,0.02867300,3076158137.00000000
1610064000000,0.02866100,0.02891400,0.02450000,0.02729900,3048483070.00000000
1610150400000,0.02728000,0.02995000,0.02626200,0.02881200,2120822542.00000000
1610236800000,0.02881100,0.03090000,0.02429500,0.02707000,3046114570.00000000
1610323200000,0.02707000,0.02717900,0.01940000,0.02434400,4714379471.00000000
1610409600000,0.02439300,0.02572600,0.02170100,0.02299000,2897758177.00000000
1610496000000,0.02299000,0.02650000,0.02192600,0.02607300,1994788135.00000000
1610582400000,0.02607300,0.02700000,0.02444800,0.02574300,1796950314.00000000
1610668800000,0.02573300,0.02700000,0.02271500,0.02530600,2456379944.00000000
1610755200000,0.02530000,0.02896000,0.02525900,0.02686300,2648290072.00000000
1610841600000,0.02684200,0.02826000,0.02500100,0.02715200,2011466312.00000000
1610928000000,0.02715700,0.03083300,0.02628600,0.03080300,2656144034.00000000
1611014400000,0.03080100,0.03167800,0.02800100,0.02901500,2007620755.00000000
1611100800000,0.02906100,0.03498200,0.02850000,0.03459500,5309724858.00000000
1611187200000,0.03459500,0.03536800,0.02728000,0.02791800,4730280648.00000000
1611273600000,0.02789900,0.03255400,0.02511100,0.03126800,3142297280.00000000
1611360000000,0.03126700,0.03198300,0.02920000,0.03006800,1642149862.00000000
1611446400000,0.03006100,0.03189500,0.02951400,0.03060600,1560004669.00000000
1611532800000,0.03065600,0.03244500,0.02933400,0.02975800,1776728667.00000000
1611619200000,0.02973500,0.03049100,0.02806100,0.02944400,1391082692.00000000
1611705600000,0.02941900,0.02946800,0.02560000,0.02636100,1884434657.00000000
1611792000000,0.02636300,0.02884100,0.02592000,0.02738900,1547734948.00000000
1611878400000,0.02741700,0.02948200,0.02648300,0.02783000,2687609358.00000000
1611964800000,0.02784300,0.02816800,0.02633800,0.02684200,1488409059.00000000
1612051200000,0.02684200,0.02719100,0.02460300,0.02539700,1683994422.00000000
1612137600000,0.02536700,0.02980000,0.02436800,0.02938200,3155394379.00000000
1612224000000,0.02937800,0.02968300,0.02773000,0.02812700,1743811936.00000000
1612310400000,0.02813200,0.03025300,0.02800100,0.02917700,1735656601.00000000
1612396800000,0.02917900,0.02946800,0.02695600,0.02771000,1799075344.00000000
1612483200000,0.02768400,0.03230000,0.02761500,0.03209600,2308903368.00000000
1612569600000,0.03206300,0.03309300,0.02812400,0.02994600,2396617658.00000000
1612656000000,0.02992800,0.03076600,0.02671400,0.02913900,1958283560.00000000
1612742400000,0.02915200,0.03223300,0.02836100,0.03132600,2552046004.00000000
1612828800000,0.03133200,0.03688000,0.03058000,0.03537500,4131768216.80000000
1612915200000,0.03537400,0.03842700,0.03149300,0.03568900,3522430592.00000000
1613001600000,0.03573700,0.04326400,0.03453100,0.04255800,4072239055.00000000
1613088000000,0.04258600,0.06077400,0.04231200,0.05435900,8658821039.00000000
1613174400000,0.05435800,0.06050000,0.04900000,0.05476600,6065326448.00000000
1613260800000,0.05472200,0.05907300,0.04894200,0.05216100,3301025345.00000000
1613347200000,0.05224700,0.05744300,0.04240000,0.05103200,4555363069.00000000
1613433600000,0.05103500,0.05382100,0.04738000,0.04931900,2561113126.00000000
1613520000000,0.04933700,0.05389100,0.04602500,0.05119600,2764241860.00000000
1613606400000,0.05124900,0.05730000,0.05110900,0.05448300,2600700797.00000000
1613692800000,0.05448100,0.05621700,0.05100000,0.05360200,2414625682.00000000
1613779200000,0.05359200,0.06000000,0.05000000,0.05355400,3856447896.00000000
1613865600000,0.05352500,0.05632600,0.05204100,0.05482600,2032014595.00000000
1613952000000,0.05479000,0.05497500,0.04000000,0.05014700,3763040809.00000000
1614038400000,0.05019200,0.05043800,0.03469100,0.04222400,5591892963.00000000
1614124800000,0.04216800,0.04657700,0.03970300,0.04269400,2495450803.00000000
1614211200000,0.04278800,0.04471900,0.03888500,0.03934200,1789995379.00000000
1614297600000,0.03934200,0.04300000,0.03647200,0.03945300,2352543225.00000000
1614384000000,0.03952400,0.04260000,0.03952400,0.04082200,1594789721.00000000
1614470400000,0.04081200,0.04119100,0.03632500,0.03973500,1466973279.00000000
1614556800000,0.03973500,0.04575000,0.03942000,0.04572900,1374731081.00000000
1614643200000,0.04572800,0.04659700,0.04145600,0.04380300,1322787130.00000000
1614729600000,0.04385200,0.05453900,0.04315500,0.05286400,2566563492.00000000
1614816000000,0.05286400,0.05505400,0.04697100,0.05028400,2738037472.00000000
1614902400000,0.05034300,0.05350000,0.04602200,0.05201000,1992603255.00000000
1614988800000,0.05199700,0.05465500,0.04943400,0.05327200,1641413521.00000000
1615075200000,0.05327200,0.05998400,0.05327200,0.05667000,3326098599.00000000
1615161600000,0.05666900,0.06622300,0.05550000,0.06531600,3421060528.00000000
1615248000000,0.06534900,0.06790000,0.06205300,0.06442900,2521318158.00000000
1615334400000,0.06444500,0.06536000,0.06028700,0.06134300,1778041268.00000000
1615420800000,0.06132600,0.06986400,0.05815100,0.06723700,2384764259.00000000
1615507200000,0.06726400,0.07250000,0.06362200,0.06555200,2784846915.00000000
1615593600000,0.06560600,0.07017000,0.06177000,0.06752300,1690148782.00000000
1615680000000,0.06752300,0.06867600,0.06444100,0.06607400,1273396599.00000000
1615766400000,0.06617200,0.08357100,0.06563000,0.07890100,5114029262.00000000
1615852800000,0.07888000,0.08323100,0.06980000,0.07441100,3188484688.00000000
1615939200000,0.07441100,0.07772000,0.07123000,0.07667300,1839838904.00000000
1616025600000,0.07667300,0.08282800,0.07622100,0.07747500,1867030626.00000000
1616112000000,0.07750400,0.08588000,0.07540000,0.08076500,1682620697.00000000
1616198400000,0.08082900,0.09431400,0.08054200,0.08949600,2902587092.00000000
1616284800000,0.08950400,0.09520000,0.08720000,0.09380200,2658153928.00000000
1616371200000,0.09371100,0.09897800,0.08370000,0.08836900,3222994473.00000000
1616457600000,0.08837000,0.09097600,0.07907100,0.08302800,2698577971.00000000
1616544000000,0.08302500,0.09563500,0.08100000,0.08460000,3209103177.00000000
1616630400000,0.08463900,0.08650000,0.07605100,0.08076200,2812816249.00000000
1616716800000,0.08076200,0.09084100,0.08061200,0.09004700,1639475715.00000000
1616803200000,0.08990000,0.09683400,0.08828900,0.08844500,1901888456.00000000
1616889600000,0.08844100,0.09386700,0.08800000,0.09073300,1178874257.00000000
1616976000000,0.09073300,0.09343900,0.08840000,0.09200300,1080630280.00000000
1617062400000,0.09197300,0.09220000,0.08800100,0.08933100,1135239645.00000000
1617148800000,0.08935900,0.08991600,0.08250000,0.08772100,1438953157.00000000
1617235200000,0.08770000,0.09161500,0.08663700,0.08805600,1172267807.00000000
1617321600000,0.08805500,0.09535300,0.08633800,0.09402300,1501721382.00000000
1617408000000,0.09397100,0.09722200,0.08716000,0.08730700,1436829289.00000000
1617494400000,0.08727100,0.09306000,0.08656400,0.09242300,875834576.00000000
1617580800000,0.09244800,0.10700000,0.09031400,0.10234300,2664521603.90000000
1617667200000,0.10234300,0.11510000,0.09983200,0.11180800,2638551028.80000000
1617753600000,0.11183300,0.12100000,0.09834900,0.10590800,3179832228.00000000
1617840000000,0.10599800,0.11800000,0.10485500,0.11663600,1406554919.00000000
1617926400000,0.11674500,0.13423000,0.11600000,0.12599600,2766479383.50000000
1618012800000,0.12597500,0.14780000,0.12468000,0.14192200,3636308723.00000000
1618099200000,0.14192100,0.14535900,0.13063500,0.13939400,2167364819.00000000
1618185600000,0.13939400,0.14039700,0.12676400,0.12893100,1845919682.00000000
1618272000000,0.12890600,0.15938200,0.12875100,0.15344700,2795029712.00000000
1618358400000,0.15322300,0.17617900,0.15311800,0.16800400,4656487621.50000000
1618444800000,0.16798600,0.18900000,0.16793100,0.17560100,3133275293.00000000
1618531200000,0.17558600,0.24555000,0.15721500,0.23448500,6188637152.10000000
1618617600000,0.23448500,0.27982900,0.21408700,0.22642500,6811815475.00000000
1618704000000,0.22646200,0.25500000,0.16950000,0.25332100,5306548344.00000000
1618790400000,0.25356800,0.26868000,0.22140100,0.22821500,4317072517.00000000
1618876800000,0.22838300,0.26600000,0.20522200,0.25123700,3715124901.00000000
1618963200000,0.25099500,0.25536300,0.22138500,0.22627100,2342115780.00000000
1619049600000,0.22598300,0.23579900,0.17600000,0.19017400,4327661640.00000000
1619136000000,0.19011500,0.20673000,0.13100000,0.20208600,8126640803.00000000
1619222400000,0.20186200,0.20600000,0.17720000,0.17842500,3125905802.00000000
1619308800000,0.17842400,0.18826000,0.15476000,0.16830000,2562597271.90000000
1619395200000,0.16830000,0.19920000,0.16453000,0.18849000,3351483407.00000000
1619481600000,0.18849000,0.22390000,0.18487000,0.20810000,3163964933.70000000
1619568000000,0.20796000,0.21500000,0.18702000,0.19840000,2307445618.80000000
1619654400000,0.19849000,0.20061000,0.18133000,0.19127000,1781485869.90000000
1619740800000,0.19129000,0.20362000,0.18638000,0.20098000,1494034640.00000000
1619827200000,0.20110000,0.20805000,0.19227000,0.20422000,1191292657.50000000
1619913600000,0.20430000,0.22505000,0.19706000,0.21488000,2655545961.70000000
1620000000000,0.21488000,0.22241000,0.20600000,0.21084000,1578067439.80000000
1620086400000,0.21087000,0.21137000,0.18456000,0.18753000,2565446817.60000000
1620172800000,0.18752000,0.20888000,0.18600000,0.20705000,1859705729.50000000
1620259200000,0.20706000,0.22360000,0.20074000,0.21584000,2327072959.70000000
1620345600000,0.21574000,0.25000000,0.21328000,0.23060000,3948011812.20000000
1620432000000,0.23050000,0.23666000,0.21858000,0.22340000,1258764406.00000000
1620518400000,0.22330000,0.23744000,0.20800000,0.23386000,1659540511.60000000
1620604800000,0.23380000,0.23943000,0.18750000,0.20262000,1748580413.60000000
1620691200000,0.20278000,0.21354000,0.19521000,0.21269000,1434142949.50000000
1620777600000,0.21269000,0.21496000,0.16161000,0.16660000,1788810247.60000000
1620864000000,0.16697000,0.18999000,0.15571000,0.18222000,3429911605.60000000
1620950400000,0.18225000,0.19287000,0.17728000,0.18674000,1359413440.30000000
1621036800000,0.18663000,0.18813000,0.16972000,0.17254000,1506771797.50000000
1621123200000,0.17254000,0.19272000,0.16019000,0.17646000,2266154448.20000000
1621209600000,0.17652000,0.17752000,0.14888000,0.15775000,2666779589.80000000
1621296000000,0.15773000,0.17144000,0.15603000,0.16183000,1913643240.20000000
1621382400000,0.16185000,0.16448000,0.05200000,0.10533000,8296040530.80000000
1621468800000,0.10533000,0.14600000,0.09000000,0.13077000,5532101820.00000000
1621555200000,0.13074000,0.13923000,0.09000000,0.10813000,5337110951.80000000
1621641600000,0.10820000,0.11182000,0.09280000,0.09944000,3500176289.00000000
1621728000000,0.09953000,0.10564000,0.06560000,0.08638000,6261832023.40000000
1621814400000,0.08626000,0.11783000,0.08500000,0.11240000,5282694200.80000000
1621900800000,0.11244000,0.12054000,0.10431000,0.11267000,3441286725.90000000
1621987200000,0.11260000,0.14120000,0.10960000,0.13306000,4144591085.20000000
1622073600000,0.13298000,0.13595000,0.11866000,0.12380000,2659115741.50000000
1622160000000,0.12380000,0.12545000,0.10213000,0.10815000,3457240118.90000000
1622246400000,0.10812000,0.11400000,0.09250000,0.09896000,2641195002.70000000
1622332800000,0.09896000,0.11475000,0.09230000,0.10752000,2592725414.60000000
1622419200000,0.10741000,0.12626000,0.10203000,0.12588000,2486990006.30000000
1622505600000,0.12592000,0.12973000,0.11775000,0.12068000,2135264727.90000000
1622592000000,0.12063000,0.13199000,0.11703000,0.12573000,1643652027.80000000
1622678400000,0.12565000,0.14509000,0.12305000,0.14323000,2329521871.10000000
1622764800000,0.14323000,0.15285000,0.11971000,0.12902000,4259089209.70000000
1622851200000,0.12908000,0.14189000,0.12000000,0.12534000,2588768201.70000000
1622937600000,0.12533000,0.13399000,0.12445000,0.12766000,1593745131.20000000
1623024000000,0.12766000,0.13650000,0.11280000,0.11458000,2210084147.90000000
1623110400000,0.11460000,0.11846000,0.09900000,0.11285000,3698318136.90000000
1623196800000,0.11287000,0.12000000,0.10557000,0.11996000,2757252229.90000000
1623283200000,0.11998000,0.12267000,0.10892000,0.11204000,2033141517.50000000
1623369600000,0.11205000,0.11467000,0.10341000,0.10482000,1752724258.30000000
1623456000000,0.10482000,0.10792000,0.09654000,0.10624000,1862749647.60000000
1623542400000,0.10624000,0.11550000,0.09985000,0.11244000,1479262301.40000000
1623628800000,0.11244000,0.11654000,0.10827000,0.11334000,1353761539.00000000
1623715200000,0.11328000,0.11552000,0.11000000,0.11135000,990084203.20000000
1623801600000,0.11134000,0.11445000,0.10567000,0.10752000,884683659.80000000
1623888000000,0.10752000,0.11150000,0.10488000,0.10726000,599751647.10000000
1623974400000,0.10731000,0.10759000,0.09613000,0.09957000,853017181.90000000
1624060800000,0.09957000,0.10204000,0.09636000,0.09639000,656262172.90000000
1624147200000,0.09641000,0.10077000,0.08816000,0.09840000,1031915885.30000000
1624233600000,0.09837000,0.09881000,0.07301000,0.07332000,2223182586.90000000
1624320000000,0.07330000,0.08108000,0.05955000,0.07176000,4714450003.80000000
1624406400000,0.07172000,0.08447000,0.06793000,0.07614000,3150782283.60000000
1624492800000,0.07614000,0.08327000,0.07224000,0.08077000,1758052234.10000000
1624579200000,0.08074000,0.08323000,0.07116000,0.07209000,1780897549.90000000
1624665600000,0.07207000,0.07591000,0.06900000,0.07400000,1401930984.10000000
1624752000000,0.07399000,0.07842000,0.07130000,0.07806000,889825732.40000000
1624838400000,0.07805000,0.08184000,0.07568000,0.07942000,957312777.10000000
1624924800000,0.07943000,0.09504000,0.07895000,0.09008000,1890978743.20000000
1625011200000,0.09001000,0.09442000,0.08172000,0.09134000,1738170586.10000000
1625097600000,0.09133000,0.09133000,0.08248000,0.08424000,1227504580.60000000
1625184000000,0.08425000,0.08770000,0.08198000,0.08655000,1133495193.30000000
1625270400000,0.08656000,0.09023000,0.08423000,0.08736000,913099649.70000000
1625356800000,0.08732000,0.09006000,0.08484000,0.08778000,857726403.20000000
1625443200000,0.08780000,0.08786000,0.08131000,0.08342000,1009140828.90000000
1625529600000,0.08345000,0.08715000,0.08294000,0.08446000,796252433.90000000
1625616000000,0.08446000,0.08611000,0.08320000,0.08340000,635110376.10000000
1625702400000,0.08337000,0.08366000,0.07511000,0.07607000,1013992503.70000000
1625788800000,0.07605000,0.07824000,0.07233000,0.07703000,817633056.00000000
1625875200000,0.07701000,0.07879000,0.07450000,0.07597000,513741559.50000000
1625961600000,0.07599000,0.07910000,0.07493000,0.07768000,396751737.10000000
1626048000000,0.07768000,0.07901000,0.07378000,0.07495000,485047192.50000000
1626134400000,0.07495000,0.07573000,0.07158000,0.07294000,522685098.10000000
1626220800000,0.07297000,0.07370000,0.06839000,0.07256000,719807940.10000000
1626307200000,0.07256000,0.07396000,0.06760000,0.06904000,689990562.20000000
1626393600000,0.06899000,0.07049000,0.06501000,0.06521000,724702951.40000000
1626480000000,0.06523000,0.06659000,0.06342000,0.06550000,599977171.40000000
1626566400000,0.06550000,0.06886000,0.06494000,0.06755000,633980705.80000000
1626652800000,0.06758000,0.06773000,0.06147000,0.06180000,706226626.30000000
1626739200000,0.06180000,0.06285000,0.05603000,0.05773000,1066995893.80000000
1626825600000,0.05776000,0.06833000,0.05598000,0.06605000,1520542309.50000000
1626912000000,0.06605000,0.06900000,0.06409000,0.06777000,878820265.00000000
1626998400000,0.06777000,0.07103000,0.06414000,0.07099000,795338860.20000000
1627084800000,0.07100000,0.07343000,0.06963000,0.07219000,740146961.80000000
1627171200000,0.07221000,0.07440000,0.06930000,0.07438000,611924366.90000000
1627257600000,0.07439000,0.08982000,0.07367000,0.07754000,2583820456.10000000
1627344000000,0.07759000,0.08750000,0.07468000,0.08396000,1569354217.80000000
1627430400000,0.08393000,0.08631000,0.08034000,0.08283000,1081703275.40000000
1627516800000,0.08280000,0.08395000,0.08066000,0.08266000,539258500.60000000
1627603200000,0.08267000,0.08600000,0.08003000,0.08596000,811964038.80000000
1627689600000,0.08596000,0.09038000,0.08445000,0.08962000,915201259.60000000
1627776000000,0.08963000,0.09300000,0.08517000,0.08574000,928339477.90000000
1627862400000,0.08574000,0.08898000,0.08400000,0.08606000,675123471.20000000
1627948800000,0.08606000,0.08727000,0.08223000,0.08540000,603351695.70000000
1628035200000,0.08544000,0.09039000,0.08385000,0.08841000,663535631.20000000
1628121600000,0.08835000,0.09200000,0.08519000,0.09082000,780437003.70000000
1628208000000,0.09085000,0.09760000,0.08935000,0.09665000,910015916.40000000
1628294400000,0.09664000,0.10886000,0.09514000,0.10371000,1655607717.90000000
1628380800000,0.10360000,0.11069000,0.09854000,0.10130000,1214018929.30000000
1628467200000,0.10125000,0.10780000,0.09700000,0.10574000,1115257010.20000000
1628553600000,0.10574000,0.10845000,0.10243000,0.10633000,846210731.90000000
1628640000000,0.10637000,0.11786000,0.10601000,0.11096000,1327428987.40000000
1628726400000,0.11096000,0.11703000,0.10314000,0.10725000,1193419847.20000000
1628812800000,0.10725000,0.12100000,0.10606000,0.12083000,917895208.90000000
1628899200000,0.12082000,0.13330000,0.11919000,0.13014000,1726620116.30000000
1628985600000,0.13012000,0.14198000,0.12413000,0.13937000,1619776849.20000000
1629072000000,0.13938000,0.14420000,0.12700000,0.12869000,1596159421.20000000
1629158400000,0.12869000,0.13578000,0.11603000,0.11816000,1826918374.60000000
1629244800000,0.11819000,0.12800000,0.11250000,0.11955000,1791847981.30000000
1629331200000,0.11960000,0.13028000,0.11406000,0.13013000,1474034228.50000000
1629417600000,0.13020000,0.13790000,0.12811000,0.13295000,1502469975.20000000
1629504000000,0.13295000,0.13490000,0.12734000,0.12822000,1059117438.00000000
1629590400000,0.12822000,0.13280000,0.12325000,0.12817000,1013853893.90000000
1629676800000,0.12819000,0.13480000,0.12712000,0.13164000,1229867138.30000000
1629763200000,0.13165000,0.13718000,0.11979000,0.12128000,1644827527.70000000
1629849600000,0.12128000,0.12999000,0.11752000,0.12750000,1317963671.00000000
1629936000000,0.12750000,0.12945000,0.11502000,0.11591000,1167425254.40000000
1630022400000,0.11591000,0.12840000,0.11359000,0.12803000,1069906072.40000000
1630108800000,0.12810000,0.12831000,0.12121000,0.12328000,596426975.60000000
1630195200000,0.12330000,0.12584000,0.11914000,0.12352000,661901101.00000000
1630281600000,0.12354000,0.12402000,0.11662000,0.11709000,924907785.10000000
1630368000000,0.11710000,0.12730000,0.11627000,0.12282000,1331488101.00000000
1630454400000,0.12279000,0.13975000,0.11914000,0.13728000,2139151837.10000000
1630540800000,0.13728000,0.14836000,0.13443000,0.14307000,2010473348.90000000
1630627200000,0.14309000,0.14777000,0.13900000,0.14294000,1328475330.60000000
1630713600000,0.14294000,0.15288000,0.14200000,0.14477000,1127744000.90000000
1630800000000,0.14480000,0.15418000,0.14380000,0.15391000,926403941.60000000
1630886400000,0.15392000,0.15722000,0.14583000,0.14998000,1102349030.70000000
1630972800000,0.14998000,0.15300000,0.09800000,0.12286000,2942688763.90000000
1631059200000,0.12281000,0.12643000,0.10614000,0.11837000,1823695710.70000000
1631145600000,0.11837000,0.12766000,0.11705000,0.12163000,1409062825.50000000
1631232000000,0.12167000,0.12700000,0.11023000,0.11252000,1198535707.90000000
1631318400000,0.11249000,0.11936000,0.11117000,0.11549000,815100036.70000000
1631404800000,0.11553000,0.12441000,0.11281000,0.11984000,906954285.10000000
1631491200000,0.11991000,0.12211000,0.10850000,0.11245000,1017177341.30000000
1631577600000,0.11243000,0.11837000,0.11166000,0.11764000,630518090.70000000
1631664000000,0.11762000,0.12337000,0.11519000,0.12206000,731169770.50000000
1631750400000,0.12206000,0.12343000,0.11414000,0.11669000,695066647.60000000
1631836800000,0.11665000,0.11788000,0.11046000,0.11145000,556161796.30000000
1631923200000,0.11142000,0.11613000,0.11018000,0.11297000,448075447.20000000
1632009600000,0.11297000,0.11407000,0.10660000,0.10824000,423097365.20000000
1632096000000,0.10824000,0.10845000,0.08823000,0.09176000,1744245996.50000000
1632182400000,0.09175000,0.09756000,0.08443000,0.08610000,1405983090.20000000
1632268800000,0.08609000,0.09960000,0.08483000,0.09956000,1136637522.50000000
1632355200000,0.09950000,0.10324000,0.09719000,0.10202000,949473163.70000000
1632441600000,0.10203000,0.10314000,0.08776000,0.09229000,1326106456.40000000
1632528000000,0.09229000,0.09400000,0.08860000,0.08994000,708967337.60000000
1632614400000,0.08995000,0.09326000,0.08405000,0.09149000,794105906.10000000
1632700800000,0.09146000,0.09426000,0.08628000,0.08634000,635697107.10000000
1632787200000,0.08634000,0.08871000,0.08161000,0.08173000,717372260.20000000
1632873600000,0.08173000,0.08762000,0.08157000,0.08468000,638812653.50000000
1632960000000,0.08466000,0.09600000,0.08426000,0.09598000,1011138225.20000000
1633046400000,0.09600000,0.11146000,0.09510000,0.10825000,1912290556.60000000
1633132800000,0.10825000,0.11666000,0.10596000,0.11131000,997348499.60000000
1633219200000,0.11134000,0.11460000,0.10814000,0.11042000,863059480.20000000
1633305600000,0.11042000,0.11292000,0.10406000,0.10939000,1044351376.20000000
1633392000000,0.10944000,0.11600000,0.10853000,0.11342000,855595237.00000000
1633478400000,0.11345000,0.11497000,0.10514000,0.11231000,941453507.80000000
1633564800000,0.11228000,0.11789000,0.10912000,0.11169000,892109485.70000000
1633651200000,0.11172000,0.11541000,0.11052000,0.11152000,592834510.90000000
1633737600000,0.11157000,0.12311000,0.10951000,0.11892000,1012231002.90000000
1633824000000,0.11897000,0.11929000,0.10976000,0.11031000,571058896.00000000
1633910400000,0.11026000,0.11537000,0.10639000,0.10911000,628407085.30000000
1633996800000,0.10911000,0.10916000,0.10057000,0.10675000,890416526.80000000
1634083200000,0.10671000,0.11647000,0.10453000,0.11553000,1193867433.80000000
1634169600000,0.11553000,0.12300000,0.11552000,0.11916000,1124809167.80000000
1634256000000,0.11918000,0.12520000,0.11222000,0.11987000,1331142722.60000000
1634342400000,0.11985000,0.12452000,0.11841000,0.11990000,654896552.80000000
1634428800000,0.11989000,0.12777000,0.11623000,0.12223000,1257324801.60000000
1634515200000,0.12222000,0.12383000,0.11680000,0.11844000,697328889.90000000
1634601600000,0.11850000,0.11941000,0.11466000,0.11608000,555759490.90000000
1634688000000,0.11611000,0.12307000,0.11509000,0.12223000,679513468.30000000
1634774400000,0.12223000,0.13603000,0.12188000,0.12953000,1873058055.00000000
1634860800000,0.12960000,0.13700000,0.12646000,0.13015000,1082557721.20000000
1634947200000,0.13015000,0.13860000,0.12866000,0.13596000,854522534.40000000
1635033600000,0.13597000,0.13944000,0.12845000,0.13237000,797875175.50000000
1635120000000,0.13241000,0.14334000,0.13123000,0.14248000,892115979.70000000
1635206400000,0.14251000,0.14785000,0.13900000,0.14029000,986800373.40000000
1635292800000,0.14027000,0.14328000,0.11692000,0.12415000,1584863168.60000000
1635379200000,0.12421000,0.13390000,0.12325000,0.13007000,1151515825.40000000
1635465600000,0.13014000,0.14000000,0.12923000,0.13746000,768804432.10000000
1635552000000,0.13747000,0.13866000,0.12699000,0.13058000,670562848.40000000
1635638400000,0.13058000,0.13559000,0.12600000,0.13311000,702179993.60000000
1635724800000,0.13310000,0.13785000,0.12750000,0.13658000,821528423.80000000
1635811200000,0.13661000,0.14300000,0.13332000,0.14015000,881909025.10000000
1635897600000,0.14013000,0.14107000,0.13201000,0.13722000,883031201.50000000
1635984000000,0.13725000,0.15352000,0.13537000,0.15264000,1832737770.40000000
1636070400000,0.15266000,0.16438000,0.14521000,0.15810000,2331463789.10000000
1636156800000,0.15811000,0.16400000,0.14917000,0.16057000,1252365731.20000000
1636243200000,0.16056000,0.16209000,0.15414000,0.15506000,665628121.80000000
1636329600000,0.15502000,0.17606000,0.15117000,0.17603000,1678982932.10000000
1636416000000,0.17605000,0.18755000,0.17011000,0.17095000,2082374885.50000000
1636502400000,0.17094000,0.18276000,0.14817000,0.16257000,1852610223.90000000
1636588800000,0.16254000,0.16942000,0.15843000,0.16513000,906307830.90000000
1636675200000,0.16515000,0.16564000,0.15118000,0.15866000,890280029.60000000
1636761600000,0.15866000,0.16500000,0.15488000,0.16039000,662202272.80000000
1636848000000,0.16038000,0.16345000,0.15366000,0.16169000,575148381.80000000
1636934400000,0.16175000,0.17749000,0.16160000,0.16292000,1402778438.80000000
1637020800000,0.16292000,0.16296000,0.13500000,0.14428000,2099202292.10000000
1637107200000,0.14419000,0.14793000,0.13660000,0.14514000,1433775017.50000000
1637193600000,0.14509000,0.14711000,0.12300000,0.12889000,1696526974.40000000
1637280000000,0.12876000,0.14175000,0.12537000,0.13927000,1120012247.20000000
1637366400000,0.13933000,0.14169000,0.13252000,0.13952000,839556940.90000000
1637452800000,0.13953000,0.13974000,0.13155000,0.13252000,738806359.30000000
1637539200000,0.13253000,0.13315000,0.12450000,0.12656000,1007693578.90000000
1637625600000,0.12656000,0.13222000,0.12413000,0.13097000,943138988.40000000
1637712000000,0.13094000,0.13207000,0.11959000,0.12210000,953192637.50000000
1637798400000,0.12210000,0.13329000,0.12104000,0.12782000,1044368983.50000000
1637884800000,0.12780000,0.12844000,0.11050000,0.11336000,1535563161.90000000
1637971200000,0.11344000,0.11853000,0.11270000,0.11412000,601112833.20000000
1638057600000,0.11413000,0.11656000,0.10400000,0.11639000,1033886239.90000000
1638144000000,0.11633000,0.12227000,0.11408000,0.12130000,855067064.60000000
1638230400000,0.12128000,0.12550000,0.11551000,0.11917000,1041448006.90000000
1638316800000,0.11921000,0.12545000,0.11683000,0.11820000,797751138.80000000
1638403200000,0.11821000,0.11917000,0.11369000,0.11582000,604764925.20000000
1638489600000,0.11580000,0.11946000,0.10430000,0.10858000,1007626412.00000000
1638576000000,0.10857000,0.10890000,0.07000000,0.09656000,2552184447.30000000
1638662400000,0.09656000,0.09809000,0.08613000,0.08979000,1118282105.40000000
1638748800000,0.08979000,0.09387000,0.07928000,0.09339000,1502575405.40000000
1638835200000,0.09342000,0.09800000,0.08983000,0.09151000,974981863.50000000
1638921600000,0.09151000,0.09610000,0.08801000,0.09448000,925525372.40000000
1639008000000,0.09447000,0.09592000,0.08534000,0.08553000,803444938.50000000
1639094400000,0.08548000,0.08896000,0.08017000,0.08056000,800238149.60000000
1639180800000,0.08057000,0.08648000,0.07912000,0.08617000,551351942.30000000
1639267200000,0.08616000,0.08811000,0.08277000,0.08698000,446687971.60000000
1639353600000,0.08696000,0.08845000,0.07533000,0.07717000,921744582.50000000
1639440000000,0.07719000,0.08099000,0.07491000,0.07969000,706833212.00000000
1639526400000,0.07969000,0.08448000,0.07452000,0.08306000,839531148.90000000
1639612800000,0.08307000,0.08779000,0.08111000,0.08158000,641220341.80000000
1639699200000,0.08156000,0.08432000,0.07768000,0.08008000,657364326.90000000
1639785600000,0.08008000,0.08472000,0.07887000,0.08413000,490543288.00000000
1639872000000,0.08411000,0.08495000,0.08002000,0.08026000,451096520.50000000
1639958400000,0.08030000,0.08133000,0.07610000,0.07950000,573887974.50000000
1640044800000,0.07951000,0.08376000,0.07844000,0.08326000,486424516.10000000
1640131200000,0.08325000,0.08895000,0.08270000,0.08684000,762805460.00000000
1640217600000,0.08686000,0.09426000,0.08460000,0.09299000,792475294.70000000
1640304000000,0.09301000,0.09605000,0.09082000,0.09185000,646616980.60000000
1640390400000,0.09186000,0.09540000,0.09113000,0.09468000,376032001.70000000
1640476800000,0.09468000,0.09514000,0.09130000,0.09447000,482904501.30000000
1640563200000,0.09446000,0.10298000,0.09446000,0.09773000,880924819.10000000
1640649600000,0.09771000,0.09776000,0.08699000,0.08762000,966550699.60000000
1640736000000,0.08765000,0.09013000,0.08189000,0.08258000,704362667.10000000
1640822400000,0.08258000,0.08655000,0.08065000,0.08461000,512838970.50000000
1640908800000,0.08462000,0.08739000,0.08086000,0.08267000,484161274.60000000
1640995200000,0.08266000,0.08690000,0.08264000,0.08658000,302321094.10000000
1641081600000,0.08662000,0.08884000,0.08466000,0.08714000,330214486.60000000
1641168000000,0.08712000,0.08890000,0.08428000,0.08587000,526544835.50000000
1641254400000,0.08589000,0.08980000,0.08367000,0.08590000,634447337.30000000
1641340800000,0.08589000,0.09600000,0.07855000,0.08461000,1756726493.90000000
1641427200000,0.08462000,0.08494000,0.08034000,0.08257000,880427597.10000000
1641513600000,0.08253000,0.08295000,0.07621000,0.07861000,892450651.90000000
1641600000000,0.07862000,0.08080000,0.07188000,0.07545000,664419206.20000000
1641686400000,0.07549000,0.07899000,0.07450000,0.07663000,484046371.00000000
1641772800000,0.07661000,0.07769000,0.06890000,0.07302000,767725424.70000000
1641859200000,0.07303000,0.07692000,0.07207000,0.07661000,516427699.90000000
1641945600000,0.07668000,0.08256000,0.07665000,0.08238000,605834341.40000000
1642032000000,0.08238000,0.08314000,0.07674000,0.07777000,686404974.50000000
1642118400000,0.07777000,0.07980000,0.07542000,0.07898000,453753455.20000000
1642204800000,0.07901000,0.08013000,0.07746000,0.07851000,309481916.60000000
1642291200000,0.07851000,0.07979000,0.07710000,0.07844000,309592034.40000000
1642377600000,0.07843000,0.07859000,0.07371000,0.07519000,457631641.70000000
1642464000000,0.07523000,0.07605000,0.07210000,0.07414000,461742766.00000000
1642550400000,0.07413000,0.07476000,0.07018000,0.07073000,417930420.50000000
1642636800000,0.07073000,0.07481000,0.06703000,0.06760000,545805279.00000000
1642723200000,0.06759000,0.06889000,0.05556000,0.05746000,1459868061.20000000
1642809600000,0.05741000,0.05922000,0.04482000,0.05163000,2201946906.00000000
1642896000000,0.05162000,0.05463000,0.05000000,0.05314000,1134085780.00000000
1642982400000,0.05315000,0.05315000,0.04385000,0.05142000,2041211328.90000000
1643068800000,0.05138000,0.05430000,0.04954000,0.05363000,930026501.60000000
1643155200000,0.05363000,0.05888000,0.05153000,0.05337000,1352063306.10000000
1643241600000,0.05337000,0.05461000,0.05003000,0.05237000,866205445.50000000
1643328000000,0.05236000,0.05416000,0.05070000,0.05392000,652784304.60000000
1643414400000,0.05388000,0.05553000,0.05327000,0.05449000,533858726.50000000
1643500800000,0.05451000,0.05561000,0.05150000,0.05256000,509682117.80000000
1643587200000,0.05257000,0.05398000,0.05035000,0.05385000,572059942.10000000
1643673600000,0.05385000,0.05550000,0.05341000,0.05452000,478230598.50000000
1643760000000,0.05455000,0.05641000,0.05149000,0.05192000,655835301.00000000
1643846400000,0.05197000,0.05263000,0.05050000,0.05248000,586199389.00000000
1643932800000,0.05245000,0.05864000,0.05202000,0.05862000,915645320.70000000
1644019200000,0.05862000,0.06121000,0.05759000,0.05909000,758927830.70000000
1644105600000,0.05909000,0.06139000,0.05793000,0.06128000,598533978.80000000
1644192000000,0.06126000,0.06800000,0.05992000,0.06781000,1057985484.60000000
1644278400000,0.06776000,0.06944000,0.06206000,0.06430000,1052316562.50000000
1644364800000,0.06430000,0.06820000,0.06300000,0.06701000,589057223.40000000
1644451200000,0.06700000,0.06848000,0.06246000,0.06283000,856872827.70000000
1644537600000,0.06281000,0.06458000,0.05662000,0.05791000,744703422.70000000
1644624000000,0.05792000,0.05920000,0.05560000,0.05757000,614860130.00000000
1644710400000,0.05755000,0.05851000,0.05512000,0.05628000,433191669.00000000
1644796800000,0.05627000,0.05740000,0.05425000,0.05618000,657779511.90000000
1644883200000,0.05619000,0.06113000,0.05558000,0.06107000,576576291.80000000
1644969600000,0.06108000,0.06198000,0.05821000,0.06029000,538012828.50000000
1645056000000,0.06032000,0.06151000,0.05430000,0.05456000,718817803.40000000
1645142400000,0.05458000,0.05611000,0.05248000,0.05317000,660823618.80000000
1645228800000,0.05318000,0.05459000,0.05143000,0.05256000,454235234.50000000
1645315200000,0.05255000,0.05270000,0.04827000,0.04920000,732506719.40000000
1645401600000,0.04923000,0.05166000,0.04488000,0.04522000,1215114479.90000000
1645488000000,0.04522000,0.04737000,0.04374000,0.04728000,945275899.80000000
1645574400000,0.04728000,0.05000000,0.04533000,0.04549000,878044886.50000000
1645660800000,0.04550000,0.04600000,0.03905000,0.04460000,2390877595.00000000
1645747200000,0.04460000,0.04820000,0.04350000,0.04753000,926436704.40000000
1645833600000,0.04754000,0.04938000,0.04717000,0.04827000,718710668.10000000
1645920000000,0.04828000,0.04920000,0.04448000,0.04552000,858249183.30000000
1646006400000,0.04553000,0.05218000,0.04427000,0.05209000,1143496383.70000000
1646092800000,0.05207000,0.05448000,0.05114000,0.05291000,1154190067.30000000
1646179200000,0.05292000,0.05404000,0.05120000,0.05296000,952686557.70000000
1646265600000,0.05296000,0.05729000,0.05163000,0.05459000,1759743936.50000000
1646352000000,0.05458000,0.05527000,0.04819000,0.04911000,1268902685.80000000
1646438400000,0.04911000,0.05085000,0.04751000,0.05039000,699894130.50000000
1646524800000,0.05039000,0.05089000,0.04718000,0.04768000,738669601.80000000
1646611200000,0.04768000,0.04897000,0.04467000,0.04596000,1097901022.30000000
1646697600000,0.04596000,0.04759000,0.04540000,0.04660000,820321280.40000000
1646784000000,0.04661000,0.04998000,0.04650000,0.04852000,1012199119.90000000
1646870400000,0.04851000,0.04881000,0.04522000,0.04696000,905492618.10000000
1646956800000,0.04696000,0.04857000,0.04536000,0.04622000,694782807.30000000
1647043200000,0.04622000,0.04748000,0.04613000,0.04625000,426772621.90000000
1647129600000,0.04624000,0.04716000,0.04406000,0.04454000,604691159.60000000
1647216000000,0.04454000,0.04618000,0.04428000,0.04582000,689592967.80000000
1647302400000,0.04583000,0.04663000,0.04423000,0.04585000,592642684.90000000
1647388800000,0.04586000,0.04861000,0.04544000,0.04831000,921310942.20000000
1647475200000,0.04830000,0.04975000,0.04764000,0.04835000,578314408.00000000
1647561600000,0.04835000,0.04990000,0.04706000,0.04946000,472606185.70000000
1647648000000,0.04947000,0.05172000,0.04947000,0.05129000,601724911.30000000
1647734400000,0.05127000,0.05280000,0.04882000,0.04998000,647772848.00000000
1647820800000,0.04998000,0.05196000,0.04876000,0.05063000,667660446.90000000
1647907200000,0.05061000,0.05388000,0.05039000,0.05320000,827374172.50000000
1647993600000,0.05324000,0.05618000,0.05262000,0.05596000,870086753.10000000
1648080000000,0.05597000,0.05843000,0.05497000,0.05757000,888478221.60000000
1648166400000,0.05756000,0.05898000,0.05497000,0.05562000,786622526.80000000
1648252800000,0.05562000,0.06569000,0.05541000,0.06436000,1293081323.10000000
1648339200000,0.06437000,0.08004000,0.06334000,0.07471000,5634023601.70000000
1648425600000,0.07470000,0.08161000,0.07000000,0.07091000,3308808087.80000000
1648512000000,0.07091000,0.07521000,0.07027000,0.07246000,1249307958.10000000
1648598400000,0.07245000,0.08733000,0.06863000,0.08522000,4039022065.40000000
1648684800000,0.08522000,0.08936000,0.07617000,0.07803000,2695162967.00000000
1648771200000,0.07802000,0.08307000,0.07464000,0.08108000,1695859715.30000000
1648857600000,0.08107000,0.08374000,0.07661000,0.07716000,1057700428.60000000
1648944000000,0.07715000,0.08295000,0.07500000,0.08262000,850702192.50000000
1649030400000,0.08260000,0.08288000,0.07435000,0.07890000,977661454.60000000
1649116800000,0.07892000,0.08071000,0.07566000,0.07584000,669699103.10000000
1649203200000,0.07589000,0.07627000,0.06527000,0.06582000,1325449255.90000000
1649289600000,0.06582000,0.07089000,0.06482000,0.07026000,742906115.00000000
1649376000000,0.07025000,0.07199000,0.06409000,0.06475000,739241897.20000000
1649462400000,0.06476000,0.06742000,0.06432000,0.06710000,403993781.70000000
1649548800000,0.06712000,0.06850000,0.06461000,0.06492000,442055062.60000000
1649635200000,0.06489000,0.06566000,0.05683000,0.05776000,953544184.40000000
1649721600000,0.05774000,0.06199000,0.05721000,0.06023000,810806207.40000000
1649808000000,0.06025000,0.06222000,0.05864000,0.06154000,629196230.90000000
1649894400000,0.06154000,0.06390000,0.05938000,0.06139000,783302349.10000000
1649980800000,0.06139000,0.06226000,0.06035000,0.06160000,389442213.00000000
1650067200000,0.06161000,0.06268000,0.06008000,0.06131000,372022958.70000000
1650153600000,0.06132000,0.06150000,0.05765000,0.05792000,462994632.10000000
1650240000000,0.05792000,0.05966000,0.05501000,0.05960000,723780586.30000000
1650326400000,0.05960000,0.06191000,0.05897000,0.06160000,585484714.80000000
1650412800000,0.06160000,0.06345000,0.05906000,0.06076000,718391917.10000000
1650499200000,0.06075000,0.06386000,0.05736000,0.05872000,855054417.10000000
1650585600000,0.05871000,0.06018000,0.05706000,0.05779000,554401012.10000000
1650672000000,0.05780000,0.05900000,0.05680000,0.05745000,427342248.50000000
1650758400000,0.05744000,0.05808000,0.05537000,0.05592000,376799061.40000000
1650844800000,0.05592000,0.05700000,0.05175000,0.05633000,878911176.10000000
1650931200000,0.05633000,0.05691000,0.05033000,0.05117000,793954609.50000000
1651017600000,0.05117000,0.05297000,0.05045000,0.05202000,533384281.50000000
1651104000000,0.05201000,0.05330000,0.05038000,0.05158000,617319669.20000000
1651190400000,0.05157000,0.05199000,0.04735000,0.04851000,657536450.60000000
1651276800000,0.04850000,0.04968000,0.04440000,0.04530000,806930064.80000000
1651363200000,0.04532000,0.04953000,0.04420000,0.04849000,926003337.50000000
1651449600000,0.04848000,0.04986000,0.04574000,0.04750000,787624706.30000000
1651536000000,0.04751000,0.04875000,0.04576000,0.04681000,597405229.20000000
1651622400000,0.04681000,0.05403000,0.04656000,0.05392000,1527332051.00000000
1651708800000,0.05392000,0.05475000,0.04585000,0.04758000,1517922711.90000000
1651795200000,0.04757000,0.04797000,0.04532000,0.04703000,970500440.70000000
1651881600000,0.04701000,0.04729000,0.04436000,0.04552000,580388323.60000000
1651968000000,0.04554000,0.04608000,0.04366000,0.04448000,818844916.90000000
1652054400000,0.04448000,0.04528000,0.03760000,0.03790000,1914449167.40000000
1652140800000,0.03789000,0.04368000,0.03666000,0.03879000,2391827212.30000000
1652227200000,0.03878000,0.04020000,0.02840000,0.03044000,3704932946.90000000
1652313600000,0.03042000,0.03230000,0.02400000,0.02767000,3488942494.00000000
1652400000000,0.02767000,0.03430000,0.02723000,0.03057000,2150333178.70000000
1652486400000,0.03057000,0.03267000,0.02850000,0.03175000,1342088540.50000000
1652572800000,0.03177000,0.03367000,0.03038000,0.03353000,854067771.80000000
1652659200000,0.03353000,0.03353000,0.02995000,0.03103000,1091221485.30000000
1652745600000,0.03104000,0.03332000,0.03080000,0.03286000,790805578.80000000
1652832000000,0.03286000,0.03319000,0.02896000,0.02920000,873122692.20000000
1652918400000,0.02920000,0.03165000,0.02826000,0.03150000,861117236.80000000
1653004800000,0.03148000,0.03204000,0.02936000,0.03007000,807140947.50000000
1653091200000,0.03009000,0.03120000,0.02959000,0.03080000,535075124.40000000
1653177600000,0.03080000,0.03281000,0.03058000,0.03198000,751373201.90000000
1653264000000,0.03196000,0.03495000,0.03062000,0.03120000,1163794783.30000000
1653350400000,0.03122000,0.03218000,0.02956000,0.03168000,850806703.30000000
1653436800000,0.03168000,0.03252000,0.03037000,0.03133000,887457434.30000000
1653523200000,0.03133000,0.03216000,0.02809000,0.02948000,1471374689.80000000
1653609600000,0.02948000,0.03053000,0.02840000,0.02907000,1423020573.50000000
1653696000000,0.02908000,0.03011000,0.02862000,0.02972000,611053039.10000000
1653782400000,0.02973000,0.03020000,0.02894000,0.03017000,507150696.70000000
1653868800000,0.03016000,0.03312000,0.03001000,0.03294000,921383094.80000000
1653955200000,0.03294000,0.03382000,0.03183000,0.03283000,1000585124.70000000
1654041600000,0.03284000,0.03418000,0.02998000,0.03051000,937691750.80000000
1654128000000,0.03052000,0.03172000,0.03001000,0.03144000,577253108.20000000
1654214400000,0.03144000,0.03177000,0.02978000,0.03022000,477056049.10000000
1654300800000,0.03020000,0.03074000,0.02957000,0.03055000,333473728.90000000
1654387200000,0.03055000,0.03092000,0.02999000,0.03044000,321180365.80000000
1654473600000,0.03043000,0.03275000,0.03032000,0.03174000,608304673.20000000
1654560000000,0.03173000,0.03185000,0.02952000,0.03066000,732375464.10000000
1654646400000,0.03066000,0.03128000,0.03001000,0.03026000,447962022.70000000
1654732800000,0.03027000,0.03316000,0.02988000,0.03184000,1112336484.00000000
1654819200000,0.03184000,0.03236000,0.02918000,0.02948000,836128959.50000000
1654905600000,0.02949000,0.03019000,0.02709000,0.02762000,743311222.30000000
1654992000000,0.02763000,0.02800000,0.02563000,0.02569000,1022484547.70000000
1655078400000,0.02569000,0.02630000,0.02223000,0.02384000,2193282310.10000000
1655164800000,0.02385000,0.02487000,0.02194000,0.02393000,1652413923.80000000
1655251200000,0.02393000,0.02561000,0.02145000,0.02556000,1887122386.40000000
1655337600000,0.02556000,0.02590000,0.02227000,0.02270000,1162164531.20000000
1655424000000,0.02270000,0.02394000,0.02250000,0.02332000,628942193.10000000
1655510400000,0.02333000,0.02370000,0.02003000,0.02167000,1718212255.60000000
1655596800000,0.02165000,0.02330000,0.02073000,0.02305000,1275391854.30000000
1655683200000,0.02306000,0.02386000,0.02194000,0.02354000,1010706835.50000000
1655769600000,0.02353000,0.02519000,0.02306000,0.02368000,1112327960.90000000
1655856000000,0.02369000,0.02376000,0.02255000,0.02274000,802070929.00000000
1655942400000,0.02275000,0.02428000,0.02264000,0.02415000,805667867.90000000
1656028800000,0.02416000,0.02595000,0.02393000,0.02540000,923142041.10000000
1656115200000,0.02540000,0.02642000,0.02448000,0.02620000,724413060.40000000
1656201600000,0.02620000,0.02672000,0.02420000,0.02428000,837505818.30000000
1656288000000,0.02428000,0.02550000,0.02411000,0.02458000,742164531.10000000
1656374400000,0.02458000,0.02537000,0.02330000,0.02343000,771674102.90000000
1656460800000,0.02343000,0.02377000,0.02237000,0.02277000,898996197.00000000
1656547200000,0.02277000,0.02293000,0.02122000,0.02277000,878169206.30000000
1656633600000,0.02278000,0.02332000,0.02175000,0.02226000,894025092.80000000
1656720000000,0.02227000,0.02264000,0.02181000,0.02235000,433993542.20000000
1656806400000,0.02235000,0.02284000,0.02180000,0.02257000,434094736.30000000
1656892800000,0.02258000,0.02342000,0.02194000,0.02332000,576325884.70000000
1656979200000,0.02331000,0.02352000,0.02196000,0.02269000,696035613.90000000
1657065600000,0.02270000,0.02388000,0.02225000,0.02357000,781425274.20000000
1657152000000,0.02355000,0.02438000,0.02310000,0.02407000,607658537.10000000
1657238400000,0.02408000,0.02479000,0.02353000,0.02374000,747493550.30000000
1657324800000,0.02373000,0.02453000,0.02373000,0.02408000,368970714.20000000
1657411200000,0.02408000,0.02423000,0.02321000,0.02338000,356600730.70000000
1657497600000,0.02339000,0.02341000,0.02193000,0.02204000,471484139.70000000
1657584000000,0.02203000,0.02229000,0.02139000,0.02149000,502861036.10000000
1657670400000,0.02148000,0.02235000,0.02073000,0.02225000,691614502.90000000
1657756800000,0.02226000,0.02303000,0.02151000,0.02281000,601749897.20000000
1657843200000,0.02282000,0.02349000,0.02253000,0.02297000,539393539.40000000
1657929600000,0.02297000,0.02385000,0.02253000,0.02370000,472922911.30000000
1658016000000,0.02370000,0.02416000,0.02313000,0.02319000,512583881.10000000
1658102400000,0.02320000,0.02498000,0.02305000,0.02473000,957144068.30000000
1658188800000,0.02472000,0.02640000,0.02400000,0.02611000,1055897939.70000000
1658275200000,0.02611000,0.02739000,0.02523000,0.02532000,1089161738.80000000
1658361600000,0.02531000,0.02569000,0.02432000,0.02533000,723773395.70000000
1658448000000,0.02533000,0.02683000,0.02512000,0.02526000,695573468.00000000
1658534400000,0.02526000,0.02586000,0.02440000,0.02502000,475999448.30000000
1658620800000,0.02502000,0.02575000,0.02481000,0.02506000,416135610.60000000
1658707200000,0.02504000,0.02518000,0.02327000,0.02333000,610150419.70000000
1658793600000,0.02333000,0.02339000,0.02251000,0.02332000,469249158.30000000
1658880000000,0.02332000,0.02519000,0.02287000,0.02519000,598927753.60000000
1658966400000,0.02519000,0.02676000,0.02477000,0.02634000,799457363.30000000
1659052800000,0.02635000,0.02755000,0.02591000,0.02668000,751573213.70000000
1659139200000,0.02668000,0.02853000,0.02637000,0.02742000,831069145.90000000
1659225600000,0.02740000,0.02865000,0.02693000,0.02711000,739160085.60000000
1659312000000,0.02710000,0.02813000,0.02682000,0.02758000,589364820.00000000
1659398400000,0.02758000,0.02938000,0.02620000,0.02779000,1220167081.30000000
1659484800000,0.02779000,0.03082000,0.02709000,0.02934000,1197496770.50000000
1659571200000,0.02934000,0.03034000,0.02882000,0.02954000,690693960.90000000
1659657600000,0.02954000,0.03152000,0.02925000,0.03142000,757893101.80000000
1659744000000,0.03142000,0.03192000,0.03076000,0.03087000,390051141.90000000
1659830400000,0.03087000,0.03178000,0.03050000,0.03127000,316228183.70000000
1659916800000,0.03127000,0.03279000,0.03121000,0.03150000,479053846.70000000
1660003200000,0.03151000,0.03188000,0.02963000,0.03020000,437026807.50000000
1660089600000,0.03020000,0.03306000,0.02929000,0.03270000,820497323.40000000
1660176000000,0.03270000,0.03360000,0.03239000,0.03270000,647251335.90000000
1660262400000,0.03272000,0.03375000,0.03230000,0.03336000,496215671.00000000
1660348800000,0.03335000,0.03370000,0.03268000,0.03297000,301921722.30000000
1660435200000,0.03297000,0.03387000,0.03202000,0.03225000,410921318.70000000
1660521600000,0.03225000,0.03321000,0.03088000,0.03137000,443473036.00000000
1660608000000,0.03137000,0.03160000,0.03052000,0.03068000,310449655.30000000
1660694400000,0.03068000,0.03201000,0.02896000,0.02928000,541903959.50000000
1660780800000,0.02928000,0.02988000,0.02814000,0.02816000,342162702.10000000
1660867200000,0.02816000,0.02819000,0.02540000,0.02568000,794740887.10000000
1660953600000,0.02569000,0.02656000,0.02517000,0.02576000,475258647.40000000
1661040000000,0.02576000,0.02701000,0.02561000,0.02655000,434455498.70000000
1661126400000,0.02656000,0.02657000,0.02499000,0.02615000,486904449.60000000
1661212800000,0.02615000,0.02668000,0.02527000,0.02645000,399533877.10000000
1661299200000,0.02645000,0.02696000,0.02565000,0.02623000,379402224.80000000
1661385600000,0.02622000,0.02719000,0.02620000,0.02673000,259935123.10000000
1661472000000,0.02673000,0.02727000,0.02411000,0.02445000,596645743.10000000
1661558400000,0.02444000,0.02485000,0.02399000,0.02443000,344480455.70000000
1661644800000,0.02444000,0.02489000,0.02357000,0.02367000,288724016.30000000
1661731200000,0.02368000,0.02495000,0.02340000,0.02486000,350640337.00000000
1661817600000,0.02486000,0.02538000,0.02373000,0.02435000,385033096.20000000
1661904000000,0.02436000,0.02513000,0.02407000,0.02422000,399290088.60000000
1661990400000,0.02422000,0.02443000,0.02333000,0.02431000,360556689.80000000
1662076800000,0.02431000,0.02490000,0.02376000,0.02412000,300271095.50000000
1662163200000,0.02411000,0.02431000,0.02373000,0.02424000,186880155.90000000
1662249600000,0.02424000,0.02521000,0.02406000,0.02501000,246195893.30000000
1662336000000,0.02501000,0.02516000,0.02398000,0.02448000,235548294.20000000
1662422400000,0.02448000,0.02530000,0.02272000,0.02294000,521977651.20000000
1662508800000,0.02294000,0.02400000,0.02257000,0.02380000,362105041.90000000
1662595200000,0.02381000,0.02440000,0.02344000,0.02425000,312612290.70000000
1662681600000,0.02426000,0.02595000,0.02421000,0.02564000,468653845.40000000
1662768000000,0.02565000,0.02605000,0.02531000,0.02569000,304034580.80000000
1662854400000,0.02568000,0.02606000,0.02520000,0.02573000,299813869.60000000
1662940800000,0.02574000,0.02657000,0.02524000,0.02570000,474823628.80000000
1663027200000,0.02570000,0.02580000,0.02339000,0.02353000,723729471.90000000
1663113600000,0.02353000,0.02424000,0.02334000,0.02400000,402103850.30000000
1663200000000,0.02400000,0.02415000,0.02291000,0.02321000,510460146.40000000
1663286400000,0.02322000,0.02358000,0.02292000,0.02338000,371967271.20000000
1663372800000,0.02338000,0.02439000,0.02335000,0.02434000,288805935.00000000
1663459200000,0.02434000,0.02436000,0.02232000,0.02242000,534549941.70000000
1663545600000,0.02242000,0.02301000,0.02183000,0.02284000,564289929.60000000
1663632000000,0.02283000,0.02319000,0.02229000,0.02267000,422528529.80000000
1663718400000,0.02267000,0.02345000,0.02154000,0.02191000,713801575.60000000
1663804800000,0.02191000,0.02311000,0.02183000,0.02288000,500580244.70000000
1663891200000,0.02289000,0.02368000,0.02223000,0.02324000,461220196.70000000
1663977600000,0.02325000,0.02378000,0.02280000,0.02286000,297205115.60000000
1664064000000,0.02286000,0.02320000,0.02208000,0.02240000,293359732.80000000
1664150400000,0.02239000,0.02285000,0.02189000,0.02271000,416064458.10000000
1664236800000,0.02272000,0.02400000,0.02242000,0.02261000,554000656.50000000
1664323200000,0.02261000,0.02309000,0.02180000,0.02288000,438298241.60000000
1664409600000,0.02289000,0.02351000,0.02267000,0.02346000,354781557.50000000
1664496000000,0.02346000,0.02389000,0.02274000,0.02308000,348002148.30000000
1664582400000,0.02307000,0.02342000,0.02292000,0.02333000,187477284.80000000
1664668800000,0.02333000,0.02351000,0.02253000,0.02257000,267793085.10000000
1664755200000,0.02257000,0.02364000,0.02233000,0.02352000,277547178.30000000
1664841600000,0.02352000,0.02430000,0.02336000,0.02394000,343500705.80000000
1664928000000,0.02394000,0.02397000,0.02322000,0.02388000,237360802.40000000
1665014400000,0.02389000,0.02418000,0.02328000,0.02342000,235243702.00000000
1665100800000,0.02341000,0.02357000,0.02284000,0.02316000,244469553.20000000
1665187200000,0.02317000,0.02338000,0.02278000,0.02293000,160106610.40000000
1665273600000,0.02293000,0.02328000,0.02290000,0.02310000,148177155.90000000
1665360000000,0.02310000,0.02361000,0.02272000,0.02277000,287641671.50000000
1665446400000,0.02276000,0.02289000,0.02208000,0.02275000,307859114.90000000
1665532800000,0.02275000,0.02307000,0.02251000,0.02276000,142070614.20000000
1665619200000,0.02277000,0.02345000,0.02122000,0.02303000,536299751.00000000
1665705600000,0.02303000,0.02356000,0.02264000,0.02282000,225817774.30000000
1665792000000,0.02281000,0.02303000,0.02254000,0.02276000,122659618.40000000
1665878400000,0.02277000,0.02316000,0.02275000,0.02294000,110115482.70000000
1665964800000,0.02293000,0.02344000,0.02270000,0.02331000,202255328.30000000
1666051200000,0.02332000,0.02362000,0.02260000,0.02302000,246749419.60000000
1666137600000,0.02302000,0.02310000,0.02219000,0.02235000,185953432.40000000
1666224000000,0.02235000,0.02263000,0.02171000,0.02183000,216759754.30000000
1666310400000,0.02184000,0.02256000,0.02144000,0.02246000,175768585.50000000
1666396800000,0.02246000,0.02268000,0.02219000,0.02260000,89705589.50000000
1666483200000,0.02261000,0.02300000,0.02212000,0.02280000,159740254.60000000
1666569600000,0.02280000,0.02288000,0.02220000,0.02247000,150952854.50000000
1666656000000,0.02247000,0.02340000,0.02217000,0.02286000,312719753.40000000
1666742400000,0.02286000,0.02358000,0.02283000,0.02336000,263859058.30000000
1666828800000,0.02335000,0.02403000,0.02281000,0.02291000,294505542.80000000
1666915200000,0.02291000,0.02376000,0.02263000,0.02349000,251011540.70000000
1667001600000,0.02350000,0.02437000,0.02349000,0.02405000,327950492.60000000
1667088000000,0.02404000,0.02447000,0.02323000,0.02356000,240932565.70000000
1667174400000,0.02356000,0.02413000,0.02333000,0.02394000,247445742.30000000
1667260800000,0.02394000,0.02430000,0.02341000,0.02352000,209174587.00000000
1667347200000,0.02352000,0.02404000,0.02286000,0.02315000,333969607.70000000
1667433600000,0.02315000,0.02394000,0.02310000,0.02366000,229126464.80000000
1667520000000,0.02366000,0.02552000,0.02361000,0.02541000,504338686.40000000
1667606400000,0.02540000,0.02598000,0.02524000,0.02597000,328818280.80000000
1667692800000,0.02597000,0.02661000,0.02460000,0.02467000,445507042.20000000
1667779200000,0.02467000,0.02773000,0.02450000,0.02677000,824295691.70000000
1667865600000,0.02678000,0.02846000,0.02100000,0.02342000,1911480785.20000000
1667952000000,0.02341000,0.02400000,0.01890000,0.01949000,1371447960.40000000
1668038400000,0.01950000,0.02270000,0.01909000,0.02216000,1151979140.40000000
1668124800000,0.02215000,0.02252000,0.02048000,0.02144000,574840867.30000000
1668211200000,0.02144000,0.02146000,0.01990000,0.02009000,315141004.00000000
1668297600000,0.02010000,0.02049000,0.01900000,0.01920000,428197031.80000000
1668384000000,0.01920000,0.01976000,0.01795000,0.01917000,764837791.10000000
1668470400000,0.01917000,0.02035000,0.01892000,0.01973000,425530029.90000000
1668556800000,0.01973000,0.02085000,0.01938000,0.01988000,435904392.50000000
1668643200000,0.01988000,0.02018000,0.01893000,0.01931000,375486936.80000000
1668729600000,0.01931000,0.01966000,0.01894000,0.01921000,189012481.00000000
1668816000000,0.01921000,0.01951000,0.01870000,0.01918000,161996690.20000000
1668902400000,0.01918000,0.01931000,0.01783000,0.01800000,237791811.00000000
1668988800000,0.01800000,0.01842000,0.01744000,0.01775000,417508635.80000000
1669075200000,0.01774000,0.01822000,0.01727000,0.01817000,236211008.50000000
1669161600000,0.01817000,0.01904000,0.01804000,0.01902000,284309975.10000000
1669248000000,0.01903000,0.01931000,0.01865000,0.01910000,229720444.00000000
1669334400000,0.01910000,0.01924000,0.01853000,0.01900000,234456114.90000000
1669420800000,0.01900000,0.01937000,0.01876000,0.01890000,181476961.20000000
1669507200000,0.01890000,0.01937000,0.01867000,0.01878000,154450588.40000000
1669593600000,0.01878000,0.01894000,0.01797000,0.01823000,286927478.00000000
1669680000000,0.01822000,0.01873000,0.01809000,0.01853000,158704588.60000000
1669766400000,0.01853000,0.01934000,0.01853000,0.01923000,264632583.70000000
1669852800000,0.01923000,0.01934000,0.01900000,0.01906000,160898271.20000000
1669939200000,0.01906000,0.01945000,0.01881000,0.01942000,170324635.80000000
1670025600000,0.01942000,0.01960000,0.01898000,0.01902000,209701726.00000000
1670112000000,0.01902000,0.01937000,0.01902000,0.01931000,119174697.10000000
1670198400000,0.01932000,0.01960000,0.01911000,0.01916000,151301044.90000000
1670284800000,0.01916000,0.01939000,0.01902000,0.01922000,107075542.70000000
1670371200000,0.01922000,0.01932000,0.01839000,0.01867000,152149731.90000000
1670457600000,0.01868000,0.01914000,0.01854000,0.01910000,120381278.80000000
1670544000000,0.01910000,0.01933000,0.01887000,0.01899000,129227694.50000000
1670630400000,0.01899000,0.01964000,0.01899000,0.01920000,158514050.30000000
1670716800000,0.01919000,0.01952000,0.01900000,0.01902000,111276743.50000000
1670803200000,0.01902000,0.01902000,0.01850000,0.01892000,137579426.90000000
1670889600000,0.01892000,0.01936000,0.01816000,0.01909000,254585751.70000000
1670976000000,0.01909000,0.01916000,0.01852000,0.01874000,184287310.30000000
1671062400000,0.01873000,0.01877000,0.01808000,0.01815000,177835053.60000000
1671148800000,0.01816000,0.01864000,0.01666000,0.01688000,364482410.00000000
1671235200000,0.01689000,0.01704000,0.01628000,0.01688000,245423069.40000000
1671321600000,0.01689000,0.01692000,0.01650000,0.01664000,150280705.80000000
1671408000000,0.01664000,0.01680000,0.01562000,0.01579000,261367872.90000000
1671494400000,0.01580000,0.01655000,0.01575000,0.01628000,150592329.80000000
1671580800000,0.01628000,0.01648000,0.01596000,0.01639000,144485776.50000000
1671667200000,0.01638000,0.01641000,0.01584000,0.01638000,194241131.70000000
1671753600000,0.01639000,0.01654000,0.01621000,0.01627000,95860226.00000000
1671840000000,0.01627000,0.01637000,0.01614000,0.01626000,62169330.40000000
1671926400000,0.01626000,0.01628000,0.01593000,0.01616000,88537705.90000000
1672012800000,0.01615000,0.01618000,0.01590000,0.01618000,112339284.40000000
1672099200000,0.01618000,0.01624000,0.01570000,0.01599000,136379415.90000000
1672185600000,0.01600000,0.01604000,0.01542000,0.01563000,215569035.00000000
1672272000000,0.01563000,0.01584000,0.01540000,0.01572000,154645829.10000000
1672358400000,0.01571000,0.01580000,0.01533000,0.01568000,121207004.40000000
1672444800000,0.01568000,0.01584000,0.01553000,0.01580000,97836335.30000000
1672531200000,0.01580000,0.01606000,0.01569000,0.01605000,103740108.60000000
1672617600000,0.01605000,0.01635000,0.01578000,0.01616000,148657767.60000000
1672704000000,0.01615000,0.01626000,0.01582000,0.01609000,165271151.50000000
1672790400000,0.01610000,0.01663000,0.01600000,0.01660000,199563825.20000000
1672876800000,0.01660000,0.01671000,0.01611000,0.01624000,158426140.90000000
1672963200000,0.01624000,0.01650000,0.01575000,0.01642000,234414324.00000000
1673049600000,0.01642000,0.01654000,0.01626000,0.01637000,106700854.10000000
1673136000000,0.01637000,0.01719000,0.01616000,0.01710000,220223123.80000000
1673222400000,0.01711000,0.01824000,0.01697000,0.01747000,460687085.50000000
1673308800000,0.01747000,0.01834000,0.01714000,0.01817000,346500712.80000000
1673395200000,0.01816000,0.01840000,0.01740000,0.01839000,244358051.90000000
1673481600000,0.01838000,0.01893000,0.01803000,0.01884000,416278552.40000000
1673568000000,0.01884000,0.02018000,0.01868000,0.02012000,354762261.80000000
1673654400000,0.02012000,0.02169000,0.01983000,0.02074000,585634254.70000000
1673740800000,0.02074000,0.02136000,0.02012000,0.02110000,353889504.40000000
1673827200000,0.02111000,0.02183000,0.02038000,0.02134000,363831752.50000000
1673913600000,0.02134000,0.02177000,0.02092000,0.02128000,284546433.20000000
1674000000000,0.02127000,0.02165000,0.01955000,0.01970000,470111026.00000000
1674086400000,0.01970000,0.02045000,0.01966000,0.02031000,190934324.30000000
1674172800000,0.02031000,0.02247000,0.02002000,0.02236000,298113358.60000000
1674259200000,0.02237000,0.02254000,0.02150000,0.02180000,408425820.30000000
1674345600000,0.02180000,0.02292000,0.02167000,0.02219000,339740491.50000000
1674432000000,0.02220000,0.02310000,0.02190000,0.02289000,341191314.20000000
1674518400000,0.02289000,0.02346000,0.02155000,0.02185000,366893182.20000000
1674604800000,0.02184000,0.02334000,0.02122000,0.02299000,349761886.80000000
1674691200000,0.02300000,0.02406000,0.02286000,0.02383000,407981308.60000000
1674777600000,0.02383000,0.02513000,0.02314000,0.02488000,404400550.50000000
1674864000000,0.02488000,0.02504000,0.02380000,0.02414000,236115903.10000000
1674950400000,0.02414000,0.02481000,0.02393000,0.02459000,245848359.50000000
1675036800000,0.02458000,0.02466000,0.02252000,0.02305000,464030579.50000000
1675123200000,0.02305000,0.02350000,0.02284000,0.02312000,287048858.80000000
1675209600000,0.02312000,0.02525000,0.02215000,0.02478000,605230490.90000000
1675296000000,0.02479000,0.02522000,0.02371000,0.02410000,407237606.70000000
1675382400000,0.02410000,0.02495000,0.02400000,0.02483000,309981662.10000000
1675468800000,0.02482000,0.02527000,0.02439000,0.02491000,243371275.20000000
1675555200000,0.02492000,0.02500000,0.02381000,0.02420000,364143493.00000000
1675641600000,0.02420000,0.02466000,0.02347000,0.02391000,258850908.70000000
1675728000000,0.02392000,0.02607000,0.02385000,0.02595000,431224323.30000000
1675814400000,0.02595000,0.02672000,0.02502000,0.02580000,511150833.80000000
1675900800000,0.02580000,0.02656000,0.02280000,0.02329000,689573333.20000000
1675987200000,0.02329000,0.02446000,0.02309000,0.02357000,373852938.10000000
1676073600000,0.02357000,0.02420000,0.02327000,0.02388000,188967563.40000000
1676160000000,0.02388000,0.02456000,0.02330000,0.02358000,224419066.20000000
1676246400000,0.02358000,0.02367000,0.02212000,0.02298000,339492554.30000000
1676332800000,0.02299000,0.02402000,0.02234000,0.02384000,370506054.90000000
1676419200000,0.02384000,0.02568000,0.02339000,0.02567000,406613153.10000000
1676505600000,0.02567000,0.02614000,0.02430000,0.02432000,637902365.50000000
1676592000000,0.02433000,0.02856000,0.02421000,0.02761000,1137637449.70000000
1676678400000,0.02760000,0.02843000,0.02683000,0.02714000,467346300.50000000
1676764800000,0.02713000,0.03098000,0.02708000,0.02871000,1460062740.40000000
1676851200000,0.02872000,0.03255000,0.02831000,0.03186000,1507627630.20000000
1676937600000,0.03185000,0.03230000,0.02935000,0.03014000,942878905.50000000
1677024000000,0.03014000,0.03038000,0.02815000,0.02957000,576585134.50000000
1677110400000,0.02957000,0.03132000,0.02918000,0.02974000,517873814.80000000
1677196800000,0.02975000,0.02990000,0.02724000,0.02775000,460051032.50000000
1677283200000,0.02775000,0.02800000,0.02614000,0.02695000,338576383.10000000
1677369600000,0.02696000,0.02867000,0.02664000,0.02823000,333818423.80000000
1677456000000,0.02822000,0.02930000,0.02752000,0.02811000,521070069.50000000
1677542400000,0.02812000,0.02818000,0.02668000,0.02695000,284440014.90000000
1677628800000,0.02696000,0.02864000,0.02672000,0.02809000,296693964.50000000
1677715200000,0.02810000,0.02828000,0.02633000,0.02727000,364023046.70000000
1677801600000,0.02727000,0.02739000,0.02380000,0.02542000,493109082.70000000
1677888000000,0.02542000,0.02585000,0.02401000,0.02444000,294753473.00000000
1677974400000,0.02443000,0.02497000,0.02407000,0.02433000,273505826.60000000
1678060800000,0.02432000,0.02479000,0.02356000,0.02461000,248238010.90000000
1678147200000,0.02461000,0.02495000,0.02288000,0.02360000,363266399.70000000
1678233600000,0.02361000,0.02369000,0.02191000,0.02211000,312077657.30000000
1678320000000,0.02210000,0.02263000,0.01992000,0.02028000,664767146.30000000
1678406400000,0.02028000,0.02116000,0.01955000,0.02062000,646905315.20000000
1678492800000,0.02062000,0.02114000,0.01940000,0.02033000,437076162.90000000
1678579200000,0.02033000,0.02209000,0.01993000,0.02197000,368264389.90000000
1678665600000,0.02196000,0.02365000,0.02130000,0.02344000,669600244.60000000
1678752000000,0.02344000,0.02531000,0.02264000,0.02390000,915443696.00000000
1678838400000,0.02391000,0.02425000,0.02154000,0.02183000,755859338.10000000
1678924800000,0.02181000,0.02296000,0.02167000,0.02234000,585591280.50000000
1679011200000,0.02234000,0.02431000,0.02202000,0.02425000,784093659.00000000
1679097600000,0.02425000,0.02452000,0.02275000,0.02302000,661352762.30000000
1679184000000,0.02301000,0.02475000,0.02289000,0.02443000,574281007.20000000
1679270400000,0.02444000,0.02489000,0.02281000,0.02295000,727751549.10000000
1679356800000,0.02295000,0.02398000,0.02203000,0.02377000,565598208.90000000
1679443200000,0.02377000,0.02384000,0.02174000,0.02247000,626456054.50000000
1679529600000,0.02248000,0.02387000,0.02241000,0.02358000,384413581.10000000
1679616000000,0.02357000,0.02418000,0.02235000,0.02280000,373783381.80000000
1679702400000,0.02280000,0.02333000,0.02236000,0.02270000,234248980.00000000
1679788800000,0.02270000,0.02322000,0.02253000,0.02287000,175197675.20000000
1679875200000,0.02287000,0.02297000,0.02144000,0.02200000,349153890.60000000
1679961600000,0.02200000,0.02248000,0.02156000,0.02242000,257519332.80000000
1680048000000,0.02243000,0.02336000,0.02239000,0.02321000,298090650.20000000
1680134400000,0.02322000,0.02360000,0.02235000,0.02287000,351914286.00000000
1680220800000,0.02286000,0.02363000,0.02251000,0.02346000,332618672.80000000
1680307200000,0.02346000,0.02364000,0.02305000,0.02355000,235664336.30000000
1680393600000,0.02355000,0.02390000,0.02277000,0.02329000,260085691.90000000
1680480000000,0.02330000,0.02361000,0.02240000,0.02310000,455364053.70000000
1680566400000,0.02310000,0.02430000,0.02294000,0.02415000,354668907.70000000
1680652800000,0.02414000,0.02500000,0.02377000,0.02438000,287114511.10000000
1680739200000,0.02436000,0.02513000,0.02365000,0.02461000,449616205.70000000
1680825600000,0.02460000,0.02468000,0.02378000,0.02415000,257433988.00000000
1680912000000,0.02414000,0.02456000,0.02387000,0.02398000,174003422.10000000
1680998400000,0.02398000,0.02453000,0.02365000,0.02433000,211402806.20000000
1681084800000,0.02434000,0.02505000,0.02413000,0.02499000,242062331.10000000
1681171200000,0.02499000,0.02543000,0.02470000,0.02492000,327276360.40000000
1681257600000,0.02492000,0.02493000,0.02387000,0.02445000,322152172.80000000
1681344000000,0.02445000,0.02560000,0.02431000,0.02533000,260558115.50000000
1681430400000,0.02533000,0.02640000,0.02517000,0.02586000,399775734.20000000
1681516800000,0.02585000,0.02587000,0.02539000,0.02570000,207587092.30000000
1681603200000,0.02569000,0.02659000,0.02529000,0.02618000,289528018.00000000
1681689600000,0.02618000,0.02623000,0.02525000,0.02547000,263485811.70000000
1681776000000,0.02547000,0.02659000,0.02525000,0.02659000,343037994.90000000
1681862400000,0.02659000,0.02660000,0.02301000,0.02382000,540527971.50000000
1681948800000,0.02382000,0.02430000,0.02287000,0.02313000,380778926.80000000
1682035200000,0.02312000,0.02328000,0.02188000,0.02217000,374356778.50000000
1682121600000,0.02216000,0.02271000,0.02202000,0.02271000,183239414.10000000
1682208000000,0.02271000,0.02272000,0.02162000,0.02213000,221820372.60000000
1682294400000,0.02212000,0.02252000,0.02165000,0.02209000,213549811.10000000
1682380800000,0.02210000,0.02275000,0.02152000,0.02264000,227900471.80000000
1682467200000,0.02264000,0.02338000,0.02110000,0.02203000,406740401.50000000
1682553600000,0.02203000,0.02282000,0.02197000,0.02256000,321750547.90000000
1682640000000,0.02256000,0.02268000,0.02214000,0.02241000,182814325.70000000
1682726400000,0.02241000,0.02280000,0.02233000,0.02272000,130142504.90000000
1682812800000,0.02272000,0.02292000,0.02202000,0.02218000,159478045.40000000
1682899200000,0.02219000,0.02230000,0.02116000,0.02149000,226180248.40000000
1682985600000,0.02148000,0.02154000,0.02068000,0.02118000,596855087.90000000
1683072000000,0.02119000,0.02119000,0.01999000,0.02095000,742170895.90000000
1683158400000,0.02094000,0.02112000,0.02054000,0.02074000,169834206.90000000
1683244800000,0.02074000,0.02138000,0.02054000,0.02115000,219386389.60000000
1683331200000,0.02114000,0.02132000,0.02002000,0.02024000,223933450.60000000
1683417600000,0.02025000,0.02053000,0.02005000,0.02009000,153359879.50000000
1683504000000,0.02010000,0.02030000,0.01866000,0.01930000,467466672.10000000
1683590400000,0.01929000,0.01960000,0.01906000,0.01941000,252497873.10000000
1683676800000,0.01941000,0.01977000,0.01898000,0.01959000,369784147.30000000
1683763200000,0.01959000,0.01961000,0.01862000,0.01897000,277467385.30000000
1683849600000,0.01897000,0.01921000,0.01852000,0.01917000,213941973.30000000
1683936000000,0.01918000,0.01925000,0.01899000,0.01913000,117918448.60000000
1684022400000,0.01913000,0.01936000,0.01899000,0.01922000,111171925.10000000
1684108800000,0.01922000,0.01969000,0.01899000,0.01945000,155635376.30000000
1684195200000,0.01944000,0.01984000,0.01925000,0.01944000,148638901.30000000
1684281600000,0.01945000,0.02000000,0.01932000,0.01996000,196492252.10000000
1684368000000,0.01996000,0.02006000,0.01921000,0.01950000,173864176.20000000
1684454400000,0.01949000,0.01980000,0.01939000,0.01958000,144668649.80000000
1684540800000,0.01957000,0.01959000,0.01930000,0.01940000,88192461.10000000
1684627200000,0.01940000,0.01944000,0.01881000,0.01895000,111770330.80000000
1684713600000,0.01894000,0.01945000,0.01872000,0.01928000,147352280.40000000
1684800000000,0.01927000,0.01970000,0.01924000,0.01940000,134394528.70000000
1684886400000,0.01939000,0.01953000,0.01882000,0.01944000,209358222.60000000
1684972800000,0.01945000,0.01949000,0.01900000,0.01928000,162867537.50000000
1685059200000,0.01928000,0.01933000,0.01898000,0.01924000,154621556.00000000
1685145600000,0.01925000,0.02018000,0.01923000,0.02012000,225946379.40000000
1685232000000,0.02012000,0.02053000,0.02001000,0.02043000,310770835.90000000
1685318400000,0.02044000,0.02058000,0.02011000,0.02048000,236864385.70000000
1685404800000,0.02048000,0.02100000,0.02036000,0.02086000,228581820.00000000
1685491200000,0.02087000,0.02095000,0.02019000,0.02033000,191865530.60000000
1685577600000,0.02034000,0.02044000,0.01958000,0.01974000,222293497.70000000
1685664000000,0.01974000,0.02006000,0.01949000,0.01977000,227418020.60000000
1685750400000,0.01976000,0.02011000,0.01963000,0.01996000,172901212.50000000
1685836800000,0.01996000,0.02010000,0.01967000,0.01976000,155469608.30000000
1685923200000,0.01976000,0.01983000,0.01797000,0.01852000,452064273.10000000
1686009600000,0.01851000,0.01910000,0.01811000,0.01888000,279723261.10000000
1686096000000,0.01888000,0.01889000,0.01762000,0.01773000,353301130.70000000
1686182400000,0.01773000,0.01801000,0.01738000,0.01779000,219079307.40000000
1686268800000,0.01778000,0.01781000,0.01692000,0.01706000,408226197.40000000
1686355200000,0.01706000,0.01708000,0.01318000,0.01557000,1024894222.30000000
1686441600000,0.01557000,0.01596000,0.01538000,0.01581000,220507334.40000000
1686528000000,0.01581000,0.01598000,0.01536000,0.01591000,236974368.40000000
1686614400000,0.01590000,0.01642000,0.01575000,0.01603000,292294382.10000000
1686700800000,0.01604000,0.01628000,0.01516000,0.01539000,241078170.10000000
1686787200000,0.01539000,0.01573000,0.01466000,0.01499000,469995417.30000000
1686873600000,0.01499000,0.01499000,0.01436000,0.01470000,782934606.00000000
1686960000000,0.01471000,0.01530000,0.01463000,0.01501000,282329697.60000000
1687046400000,0.01501000,0.01514000,0.01472000,0.01486000,198655987.00000000
1687132800000,0.01486000,0.01525000,0.01465000,0.01516000,244626356.90000000
1687219200000,0.01517000,0.01561000,0.01468000,0.01559000,280199803.20000000
1687305600000,0.01560000,0.01650000,0.01551000,0.01642000,387505087.20000000
1687392000000,0.01643000,0.01726000,0.01620000,0.01686000,578691180.70000000
1687478400000,0.01686000,0.01980000,0.01679000,0.01876000,1709201158.60000000
1687564800000,0.01875000,0.01890000,0.01783000,0.01812000,457508344.50000000
1687651200000,0.01812000,0.01877000,0.01795000,0.01838000,356546869.30000000
1687737600000,0.01837000,0.01932000,0.01771000,0.01832000,658586295.80000000
1687824000000,0.01832000,0.01902000,0.01806000,0.01898000,332141023.40000000
1687910400000,0.01898000,0.01985000,0.01758000,0.01797000,805521329.90000000
1687996800000,0.01797000,0.01941000,0.01791000,0.01876000,368702350.20000000
1688083200000,0.01877000,0.02035000,0.01814000,0.01970000,650261711.60000000
1688169600000,0.01971000,0.02126000,0.01970000,0.02049000,565574203.00000000
1688256000000,0.02049000,0.02070000,0.01985000,0.02041000,308825122.70000000
1688342400000,0.02041000,0.02091000,0.02022000,0.02044000,291080768.40000000
1688428800000,0.02044000,0.02061000,0.01965000,0.01985000,289223032.20000000
1688515200000,0.01986000,0.02014000,0.01888000,0.01921000,323627969.90000000
1688601600000,0.01920000,0.01976000,0.01832000,0.01834000,341773450.10000000
1688688000000,0.01833000,0.01879000,0.01802000,0.01866000,274914400.50000000
1688774400000,0.01867000,0.01897000,0.01849000,0.01881000,189977704.80000000
1688860800000,0.01880000,0.01891000,0.01845000,0.01858000,156915648.00000000
1688947200000,0.01859000,0.01885000,0.01788000,0.01868000,271013627.70000000
1689033600000,0.01868000,0.01883000,0.01840000,0.01880000,182184614.70000000
1689120000000,0.01881000,0.01927000,0.01860000,0.01899000,212296604.80000000
1689206400000,0.01899000,0.02035000,0.01872000,0.02022000,522549597.70000000
1689292800000,0.02023000,0.02041000,0.01891000,0.01951000,478814025.60000000
1689379200000,0.01951000,0.02020000,0.01941000,0.01965000,230241474.10000000
1689465600000,0.01966000,0.01993000,0.01926000,0.01939000,238552161.60000000
1689552000000,0.01939000,0.01969000,0.01890000,0.01942000,274248954.70000000
1689638400000,0.01943000,0.01974000,0.01870000,0.01909000,244638783.70000000
1689724800000,0.01909000,0.01950000,0.01895000,0.01909000,246978742.20000000
1689811200000,0.01910000,0.01971000,0.01888000,0.01910000,226459910.60000000
1689897600000,0.01910000,0.01951000,0.01895000,0.01925000,158695083.20000000
1689984000000,0.01925000,0.01992000,0.01903000,0.01929000,244427901.70000000
1690070400000,0.01928000,0.01987000,0.01918000,0.01962000,167363887.10000000
1690156800000,0.01962000,0.01968000,0.01813000,0.01869000,301412356.10000000
1690243200000,0.01868000,0.01870000,0.01830000,0.01855000,156636410.10000000
1690329600000,0.01854000,0.01873000,0.01829000,0.01865000,175419096.50000000
1690416000000,0.01865000,0.01879000,0.01834000,0.01856000,138715683.40000000
1690502400000,0.01855000,0.01917000,0.01830000,0.01867000,161943269.40000000
1690588800000,0.01867000,0.01892000,0.01863000,0.01887000,114000781.40000000
1690675200000,0.01888000,0.01901000,0.01833000,0.01872000,153690050.10000000
1690761600000,0.01871000,0.01895000,0.01844000,0.01862000,147575448.90000000
1690848000000,0.01862000,0.01891000,0.01803000,0.01890000,211401520.10000000
1690934400000,0.01889000,0.01899000,0.01818000,0.01826000,150835291.50000000
1691020800000,0.01826000,0.01844000,0.01783000,0.01797000,221814692.50000000
1691107200000,0.01796000,0.01808000,0.01768000,0.01790000,139826265.20000000
1691193600000,0.01790000,0.01796000,0.01773000,0.01787000,84412543.30000000
1691280000000,0.01787000,0.01805000,0.01767000,0.01772000,121515954.20000000
1691366400000,0.01772000,0.01797000,0.01725000,0.01771000,142114442.70000000
1691452800000,0.01771000,0.01823000,0.01741000,0.01791000,171473362.00000000
1691539200000,0.01791000,0.01810000,0.01771000,0.01779000,124201255.50000000
1691625600000,0.01779000,0.01820000,0.01772000,0.01808000,141109761.30000000
1691712000000,0.01808000,0.01825000,0.01800000,0.01810000,101387630.90000000
1691798400000,0.01811000,0.01814000,0.01781000,0.01792000,72324192.90000000
1691884800000,0.01791000,0.01838000,0.01791000,0.01808000,167189392.20000000
1691971200000,0.01808000,0.01884000,0.01802000,0.01861000,201664536.10000000
1692057600000,0.01861000,0.01866000,0.01734000,0.01763000,246629779.70000000
1692144000000,0.01762000,0.01766000,0.01663000,0.01689000,379005637.00000000
1692230400000,0.01689000,0.01714000,0.01475000,0.01567000,480265659.20000000
1692316800000,0.01567000,0.01614000,0.01552000,0.01601000,320671604.10000000
1692403200000,0.01601000,0.01616000,0.01575000,0.01604000,147732255.00000000
1692489600000,0.01605000,0.01647000,0.01599000,0.01636000,152983871.70000000
1692576000000,0.01636000,0.01647000,0.01555000,0.01613000,231173900.30000000
1692662400000,0.01613000,0.01615000,0.01545000,0.01598000,164271926.00000000
1692748800000,0.01598000,0.01655000,0.01583000,0.01633000,147976078.80000000
1692835200000,0.01634000,0.01643000,0.01559000,0.01589000,169730072.20000000
1692921600000,0.01588000,0.01609000,0.01570000,0.01604000,146912644.10000000
1693008000000,0.01604000,0.01616000,0.01581000,0.01585000,88809963.80000000
1693094400000,0.01585000,0.01605000,0.01578000,0.01598000,90241767.60000000
1693180800000,0.01599000,0.01623000,0.01552000,0.01597000,260981073.30000000
1693267200000,0.01598000,0.01680000,0.01557000,0.01663000,276425064.60000000
1693353600000,0.01664000,0.01670000,0.01608000,0.01625000,164041965.30000000
1693440000000,0.01624000,0.01652000,0.01550000,0.01576000,232403597.20000000
1693526400000,0.01576000,0.01586000,0.01517000,0.01552000,177912191.70000000
1693612800000,0.01552000,0.01564000,0.01539000,0.01549000,96743334.10000000
1693699200000,0.01549000,0.01580000,0.01530000,0.01552000,245344423.00000000
1693785600000,0.01553000,0.01574000,0.01526000,0.01550000,116797865.40000000
1693872000000,0.01549000,0.01568000,0.01538000,0.01565000,115869300.80000000
1693958400000,0.01566000,0.01583000,0.01524000,0.01563000,335659236.60000000
1694044800000,0.01563000,0.01583000,0.01538000,0.01578000,136378609.90000000
1694131200000,0.01579000,0.01593000,0.01543000,0.01569000,134766081.70000000
1694217600000,0.01568000,0.01574000,0.01551000,0.01556000,79927151.20000000
1694304000000,0.01557000,0.01559000,0.01501000,0.01523000,206978841.80000000
1694390400000,0.01523000,0.01526000,0.01460000,0.01476000,302579068.70000000
1694476800000,0.01477000,0.01668000,0.01468000,0.01647000,1542916210.00000000
1694563200000,0.01647000,0.01697000,0.01585000,0.01657000,1143601518.20000000
1694649600000,0.01657000,0.01718000,0.01620000,0.01707000,446290839.80000000
1694736000000,0.01707000,0.01793000,0.01695000,0.01787000,468550885.50000000
1694822400000,0.01786000,0.01848000,0.01759000,0.01768000,484020302.70000000
1694908800000,0.01769000,0.01776000,0.01695000,0.01712000,254049736.10000000
1694995200000,0.01713000,0.01785000,0.01695000,0.01735000,348841426.40000000
1695081600000,0.01735000,0.01787000,0.01727000,0.01768000,224105932.30000000
1695168000000,0.01769000,0.01780000,0.01733000,0.01773000,201492636.60000000
1695254400000,0.01773000,0.01799000,0.01700000,0.01711000,207177947.40000000
1695340800000,0.01711000,0.01723000,0.01695000,0.01703000,153309943.90000000
1695427200000,0.01702000,0.01711000,0.01688000,0.01701000,119130289.50000000
1695513600000,0.01702000,0.01702000,0.01646000,0.01652000,142974415.80000000
1695600000000,0.01652000,0.01685000,0.01639000,0.01675000,252528272.50000000
1695686400000,0.01675000,0.01679000,0.01640000,0.01656000,145885822.80000000
1695772800000,0.01655000,0.01685000,0.01628000,0.01639000,177218252.00000000
1695859200000,0.01639000,0.01695000,0.01638000,0.01693000,148066187.50000000
1695945600000,0.01693000,0.01708000,0.01668000,0.01705000,181255622.30000000
1696032000000,0.01705000,0.01760000,0.01695000,0.01741000,262133874.20000000
1696118400000,0.01742000,0.01757000,0.01703000,0.01748000,241677110.50000000
1696204800000,0.01749000,0.01773000,0.01672000,0.01690000,291943330.50000000
1696291200000,0.01690000,0.01729000,0.01683000,0.01687000,164669554.20000000
1696377600000,0.01687000,0.01689000,0.01631000,0.01676000,259476531.30000000
1696464000000,0.01675000,0.01684000,0.01655000,0.01663000,124985026.80000000
1696550400000,0.01663000,0.01700000,0.01655000,0.01684000,118881908.20000000
1696636800000,0.01684000,0.01708000,0.01667000,0.01702000,115777200.30000000
1696723200000,0.01702000,0.01719000,0.01686000,0.01716000,145522172.00000000
1696809600000,0.01716000,0.01717000,0.01614000,0.01651000,239627499.10000000
1696896000000,0.01651000,0.01696000,0.01648000,0.01661000,225015805.60000000
1696982400000,0.01662000,0.01670000,0.01602000,0.01620000,217516849.40000000
1697068800000,0.01621000,0.01648000,0.01604000,0.01637000,243841671.30000000
1697155200000,0.01638000,0.01656000,0.01623000,0.01638000,145275558.20000000
1697241600000,0.01639000,0.01654000,0.01633000,0.01638000,152515296.40000000
1697328000000,0.01638000,0.01666000,0.01633000,0.01647000,213895262.50000000
1697414400000,0.01648000,0.01739000,0.01643000,0.01671000,290635123.70000000
1697500800000,0.01671000,0.01673000,0.01632000,0.01656000,192931480.20000000
1697587200000,0.01656000,0.01673000,0.01612000,0.01621000,261900416.30000000
1697673600000,0.01621000,0.01630000,0.01597000,0.01629000,304319071.40000000
1697760000000,0.01628000,0.01679000,0.01610000,0.01654000,290348166.90000000
1697846400000,0.01655000,0.01728000,0.01643000,0.01705000,230472750.10000000
1697932800000,0.01705000,0.01761000,0.01674000,0.01759000,848958686.70000000
1698019200000,0.01759000,0.01878000,0.01751000,0.01859000,1201720390.40000000
1698105600000,0.01859000,0.01937000,0.01815000,0.01847000,1532096382.60000000
1698192000000,0.01848000,0.01928000,0.01830000,0.01913000,1104202376.30000000
1698278400000,0.01913000,0.01965000,0.01830000,0.01874000,889516410.30000000
1698364800000,0.01874000,0.01899000,0.01814000,0.01855000,421892791.20000000
1698451200000,0.01854000,0.01935000,0.01853000,0.01893000,180509459.80000000
1698537600000,0.01893000,0.01933000,0.01876000,0.01907000,215838041.70000000
1698624000000,0.01907000,0.01929000,0.01869000,0.01905000,279770993.70000000
1698710400000,0.01906000,0.01930000,0.01817000,0.01887000,556597345.90000000
1698796800000,0.01887000,0.01953000,0.01830000,0.01948000,551404043.20000000
1698883200000,0.01948000,0.01975000,0.01866000,0.01923000,322923391.50000000
1698969600000,0.01923000,0.01930000,0.01863000,0.01926000,233855622.10000000
1699056000000,0.01926000,0.02035000,0.01915000,0.02030000,374924082.40000000
1699142400000,0.02031000,0.02090000,0.01998000,0.02053000,417257914.70000000
1699228800000,0.02053000,0.02196000,0.02030000,0.02179000,565452789.20000000
1699315200000,0.02179000,0.02181000,0.02041000,0.02167000,420357194.30000000
1699401600000,0.02166000,0.02298000,0.02139000,0.02255000,575594691.50000000
1699488000000,0.02255000,0.02305000,0.02045000,0.02205000,874773438.80000000
1699574400000,0.02205000,0.02290000,0.02174000,0.02281000,532583769.30000000
1699660800000,0.02282000,0.02295000,0.02183000,0.02230000,441578243.40000000
1699747200000,0.02230000,0.02255000,0.02150000,0.02227000,407736900.40000000
1699833600000,0.02229000,0.02278000,0.02119000,0.02129000,539373383.30000000
1699920000000,0.02129000,0.02168000,0.01978000,0.02071000,441200560.20000000
1700006400000,0.02070000,0.02194000,0.02068000,0.02190000,357301252.70000000
1700092800000,0.02191000,0.02208000,0.02053000,0.02088000,540867992.90000000
1700179200000,0.02088000,0.02144000,0.02012000,0.02108000,409184375.50000000
1700265600000,0.02108000,0.02116000,0.02022000,0.02100000,241867849.10000000
1700352000000,0.02101000,0.02158000,0.02052000,0.02144000,221959909.60000000
1700438400000,0.02143000,0.02200000,0.02110000,0.02134000,434989399.90000000
1700524800000,0.02133000,0.02155000,0.01924000,0.01929000,610734797.50000000
1700611200000,0.01927000,0.02130000,0.01920000,0.02100000,361441101.20000000
1700697600000,0.02100000,0.02129000,0.02070000,0.02125000,244631114.10000000
1700784000000,0.02126000,0.02164000,0.02106000,0.02127000,261144437.50000000
1700870400000,0.02127000,0.02238000,0.02116000,0.02230000,236386310.30000000
1700956800000,0.02230000,0.02374000,0.02201000,0.02243000,967156974.00000000
1701043200000,0.02243000,0.02248000,0.02101000,0.02152000,413263763.00000000
1701129600000,0.02152000,0.02191000,0.02078000,0.02162000,383940017.40000000
1701216000000,0.02162000,0.02187000,0.02125000,0.02178000,343085366.50000000
1701302400000,0.02178000,0.02178000,0.02126000,0.02136000,188763269.90000000
1701388800000,0.02136000,0.02256000,0.02115000,0.02254000,297240289.00000000
1701475200000,0.02254000,0.02318000,0.02243000,0.02290000,281220947.30000000
1701561600000,0.02290000,0.02333000,0.02226000,0.02264000,326009750.20000000
1701648000000,0.02266000,0.02425000,0.02255000,0.02409000,727393632.70000000
1701734400000,0.02409000,0.02500000,0.02320000,0.02481000,588098581.60000000
1701820800000,0.02482000,0.02584000,0.02399000,0.02532000,624935299.60000000
1701907200000,0.02532000,0.02568000,0.02419000,0.02523000,442386426.80000000
1701993600000,0.02523000,0.02734000,0.02493000,0.02693000,589954633.00000000
1702080000000,0.02694000,0.02836000,0.02670000,0.02717000,521125927.70000000
1702166400000,0.02717000,0.02813000,0.02619000,0.02780000,361429496.40000000
1702252800000,0.02780000,0.02871000,0.02509000,0.02717000,1144946099.30000000
1702339200000,0.02717000,0.03064000,0.02697000,0.02927000,1245364353.80000000
1702425600000,0.02928000,0.03167000,0.02846000,0.03105000,1004892911.70000000
1702512000000,0.03105000,0.03170000,0.02930000,0.03082000,529978884.80000000
1702598400000,0.03082000,0.03083000,0.02875000,0.02887000,355834395.70000000
1702684800000,0.02887000,0.03145000,0.02851000,0.02988000,527157455.20000000
1702771200000,0.02989000,0.03027000,0.02911000,0.02915000,290179089.70000000
1702857600000,0.02915000,0.03200000,0.02641000,0.03196000,1080454817.40000000
1702944000000,0.03198000,0.03355000,0.03154000,0.03291000,1166066963.80000000
1703030400000,0.03291000,0.03700000,0.03213000,0.03474000,1419907138.30000000
1703116800000,0.03475000,0.03595000,0.03433000,0.03488000,660592472.50000000
1703203200000,0.03488000,0.03632000,0.03383000,0.03601000,725304021.50000000
1703289600000,0.03601000,0.03611000,0.03456000,0.03551000,297267418.00000000
1703376000000,0.03552000,0.03650000,0.03378000,0.03454000,538780387.20000000
1703462400000,0.03452000,0.03860000,0.03418000,0.03806000,769692269.00000000
1703548800000,0.03807000,0.03877000,0.03401000,0.03741000,697754883.10000000
1703635200000,0.03741000,0.03770000,0.03580000,0.03684000,364690372.50000000
1703721600000,0.03684000,0.03746000,0.03504000,0.03549000,363726319.90000000
1703808000000,0.03552000,0.03650000,0.03424000,0.03504000,340727342.30000000
1703894400000,0.03504000,0.03820000,0.03383000,0.03562000,523530482.90000000
1703980800000,0.03562000,0.03582000,0.03341000,0.03432000,297429884.70000000
1704067200000,0.03433000,0.03664000,0.03384000,0.03655000,313912947.50000000
1704153600000,0.03654000,0.03703000,0.03468000,0.03499000,323146126.90000000
1704240000000,0.03500000,0.03567000,0.02901000,0.03209000,768882867.60000000
1704326400000,0.03209000,0.03312000,0.03128000,0.03274000,342201139.50000000
1704412800000,0.03279000,0.03283000,0.02981000,0.03114000,356777895.90000000
1704499200000,0.03113000,0.03113000,0.02877000,0.02978000,301768024.20000000
1704585600000,0.02979000,0.03106000,0.02820000,0.02867000,335124392.20000000
1704672000000,0.02867000,0.03205000,0.02700000,0.03114000,1124970538.20000000
1704758400000,0.03115000,0.03123000,0.02850000,0.03001000,468414439.10000000
1704844800000,0.03000000,0.03364000,0.02873000,0.03268000,502599256.80000000
1704931200000,0.03265000,0.03440000,0.03153000,0.03305000,499992741.20000000
1705017600000,0.03305000,0.03346000,0.02973000,0.03082000,427993076.90000000
1705104000000,0.03081000,0.03149000,0.03003000,0.03101000,179040281.10000000
1705190400000,0.03102000,0.03102000,0.02933000,0.02936000,236195054.30000000
1705276800000,0.02936000,0.03076000,0.02930000,0.03023000,195621543.50000000
1705363200000,0.03022000,0.03071000,0.02976000,0.03050000,227649940.40000000
1705449600000,0.03050000,0.03080000,0.02931000,0.03010000,198316064.30000000
1705536000000,0.03010000,0.03028000,0.02792000,0.02853000,264854234.70000000
1705622400000,0.02853000,0.02885000,0.02683000,0.02859000,271698933.70000000
1705708800000,0.02859000,0.02869000,0.02800000,0.02851000,110658089.90000000
1705795200000,0.02851000,0.02872000,0.02792000,0.02797000,97719220.90000000
1705881600000,0.02798000,0.02813000,0.02603000,0.02612000,285534317.70000000
1705968000000,0.02612000,0.02662000,0.02506000,0.02661000,499723020.00000000
1706054400000,0.02661000,0.02740000,0.02645000,0.02715000,237705853.90000000
1706140800000,0.02714000,0.02732000,0.02635000,0.02707000,182944941.60000000
1706227200000,0.02708000,0.02811000,0.02676000,0.02799000,294576045.50000000
1706313600000,0.02799000,0.02841000,0.02757000,0.02831000,147120975.40000000
1706400000000,0.02831000,0.02899000,0.02789000,0.02799000,241009825.00000000
1706486400000,0.02799000,0.02931000,0.02777000,0.02905000,191698430.90000000
1706572800000,0.02904000,0.02985000,0.02842000,0.02858000,238491816.80000000
1706659200000,0.02858000,0.02871000,0.02767000,0.02823000,225136021.50000000
1706745600000,0.02823000,0.02849000,0.02750000,0.02847000,148411101.60000000
1706832000000,0.02847000,0.02936000,0.02836000,0.02934000,157319838.30000000
1706918400000,0.02934000,0.02960000,0.02850000,0.02854000,120465179.50000000
1707004800000,0.02855000,0.02874000,0.02756000,0.02767000,115799172.40000000
1707091200000,0.02767000,0.02833000,0.02715000,0.02782000,139230614.40000000
1707177600000,0.02783000,0.02832000,0.02768000,0.02799000,136156962.30000000
1707264000000,0.02799000,0.02885000,0.02762000,0.02878000,135783319.20000000
1707350400000,0.02878000,0.02924000,0.02860000,0.02886000,183784702.80000000
1707436800000,0.02887000,0.02993000,0.02886000,0.02977000,250566324.00000000
1707523200000,0.02978000,0.03010000,0.02908000,0.02968000,168049611.70000000
1707609600000,0.02969000,0.03107000,0.02958000,0.03023000,271444703.50000000
1707696000000,0.03024000,0.03176000,0.02964000,0.03148000,308740057.10000000
1707782400000,0.03148000,0.03279000,0.03085000,0.03264000,334172574.70000000
1707868800000,0.03263000,0.03622000,0.03206000,0.03582000,797165985.90000000
1707955200000,0.03582000,0.04882000,0.03533000,0.04585000,3448995404.70000000
1708041600000,0.04586000,0.05145000,0.04394000,0.04629000,2184834208.20000000
1708128000000,0.04628000,0.04788000,0.04314000,0.04539000,944864976.50000000
1708214400000,0.04540000,0.04609000,0.04357000,0.04553000,697454954.70000000
1708300800000,0.04554000,0.04814000,0.04460000,0.04476000,543989739.80000000
1708387200000,0.04477000,0.04533000,0.04111000,0.04422000,559510066.30000000
1708473600000,0.04422000,0.04485000,0.04103000,0.04340000,421427924.50000000
1708560000000,0.04340000,0.04687000,0.04153000,0.04485000,706641959.50000000
1708646400000,0.04485000,0.04667000,0.04306000,0.04356000,501027418.30000000
1708732800000,0.04357000,0.04498000,0.04228000,0.04444000,301478732.50000000
1708819200000,0.04445000,0.04594000,0.04408000,0.04502000,308125993.70000000
1708905600000,0.04502000,0.05150000,0.04497000,0.05065000,1281922956.70000000
1708992000000,0.05067000,0.05186000,0.04757000,0.04886000,786384709.20000000
1709078400000,0.04887000,0.05500000,0.04344000,0.04861000,1733326633.00000000
1709164800000,0.04861000,0.05030000,0.04621000,0.04776000,815223398.40000000
1709251200000,0.04776000,0.04895000,0.04718000,0.04877000,400476787.10000000
1709337600000,0.04877000,0.05143000,0.04850000,0.05134000,611215647.70000000
1709424000000,0.05133000,0.05143000,0.04548000,0.04909000,600153669.10000000
1709510400000,0.04908000,0.05328000,0.04793000,0.04950000,935668906.10000000
1709596800000,0.04950000,0.04985000,0.03960000,0.04430000,1465620092.50000000
1709683200000,0.04430000,0.04743000,0.04277000,0.04695000,736949306.70000000
1709769600000,0.04696000,0.04858000,0.04609000,0.04835000,599888908.70000000
1709856000000,0.04834000,0.04870000,0.04526000,0.04733000,477597900.60000000
1709942400000,0.04732000,0.05065000,0.04706000,0.04934000,663972787.20000000
1710028800000,0.04934000,0.04967000,0.04679000,0.04794000,458020863.00000000
1710115200000,0.04794000,0.05054000,0.04550000,0.05040000,736555944.40000000
1710201600000,0.05040000,0.05137000,0.04600000,0.04873000,730024555.10000000
1710288000000,0.04873000,0.05032000,0.04783000,0.04912000,584604967.40000000
1710374400000,0.04911000,0.04940000,0.04473000,0.04730000,698780996.40000000
1710460800000,0.04730000,0.04769000,0.04109000,0.04462000,909692032.70000000
1710547200000,0.04464000,0.04525000,0.03939000,0.04046000,606552772.00000000
1710633600000,0.04045000,0.04295000,0.03818000,0.04209000,560841558.80000000
1710720000000,0.04209000,0.04250000,0.03900000,0.04073000,614761370.70000000
1710806400000,0.04073000,0.04173000,0.03663000,0.03797000,1040835177.00000000
1710892800000,0.03794000,0.04252000,0.03667000,0.04242000,669411943.80000000
1710979200000,0.04242000,0.04281000,0.04047000,0.04157000,415704394.00000000
1711065600000,0.04157000,0.04243000,0.03923000,0.04040000,401293356.40000000
1711152000000,0.04041000,0.04209000,0.03979000,0.04108000,197060923.20000000
1711238400000,0.04107000,0.04278000,0.04085000,0.04255000,215312091.30000000
1711324800000,0.04256000,0.04566000,0.04227000,0.04470000,426960338.60000000
1711411200000,0.04470000,0.04640000,0.04358000,0.04500000,438448475.50000000
1711497600000,0.04500000,0.04653000,0.04306000,0.04429000,692862899.90000000
1711584000000,0.04430000,0.04798000,0.04288000,0.04672000,586338447.00000000
1711670400000,0.04672000,0.04750000,0.04501000,0.04704000,429976512.10000000
1711756800000,0.04705000,0.04711000,0.04456000,0.04488000,261794140.20000000
1711843200000,0.04487000,0.04694000,0.04447000,0.04611000,242375629.40000000
1711929600000,0.04610000,0.04751000,0.04300000,0.04432000,502137593.90000000
1712016000000,0.04432000,0.04432000,0.04015000,0.04101000,446734394.60000000
1712102400000,0.04102000,0.04308000,0.03990000,0.04081000,350808695.20000000
1712188800000,0.04080000,0.04300000,0.03977000,0.04178000,283965922.30000000
1712275200000,0.04175000,0.04209000,0.03872000,0.04034000,333768725.30000000
1712361600000,0.04034000,0.04198000,0.04007000,0.04152000,146247595.90000000
1712448000000,0.04152000,0.04363000,0.04113000,0.04253000,205113311.60000000
1712534400000,0.04253000,0.04780000,0.04141000,0.04681000,747234322.10000000
1712620800000,0.04681000,0.04704000,0.04329000,0.04355000,411992775.80000000
1712707200000,0.04356000,0.04662000,0.04203000,0.04647000,512653247.10000000
1712793600000,0.04648000,0.04928000,0.04539000,0.04810000,706827337.20000000
1712880000000,0.04810000,0.05155000,0.04034000,0.04300000,1599830468.20000000
1712966400000,0.04297000,0.04715000,0.03500000,0.04010000,1845344740.50000000
1713052800000,0.04010000,0.04372000,0.03758000,0.04303000,939149043.60000000
1713139200000,0.04303000,0.04750000,0.04000000,0.04136000,1094217135.90000000
1713225600000,0.04135000,0.04144000,0.03792000,0.03985000,792211984.00000000
1713312000000,0.03986000,0.04090000,0.03691000,0.03798000,550820376.20000000
1713398400000,0.03796000,0.04019000,0.03698000,0.03966000,417116059.30000000
1713484800000,0.03966000,0.04140000,0.03657000,0.04050000,648317956.40000000
1713571200000,0.04049000,0.04261000,0.03987000,0.04239000,328098650.10000000
1713657600000,0.04238000,0.04290000,0.04092000,0.04124000,286832003.70000000
1713744000000,0.04123000,0.04308000,0.04111000,0.04259000,268595830.40000000
1713830400000,0.04258000,0.04340000,0.04141000,0.04157000,267998384.00000000
1713916800000,0.04156000,0.04331000,0.03921000,0.03977000,452483138.30000000
1714003200000,0.03976000,0.04053000,0.03853000,0.03978000,334189073.20000000
1714089600000,0.03979000,0.03999000,0.03863000,0.03928000,261325327.80000000
1714176000000,0.03930000,0.03971000,0.03759000,0.03929000,247512156.60000000
1714262400000,0.03929000,0.04059000,0.03919000,0.03940000,180070328.90000000
1714348800000,0.03941000,0.04041000,0.03795000,0.03949000,356676470.10000000
1714435200000,0.03951000,0.04036000,0.03510000,0.03607000,393701570.30000000
1714521600000,0.03607000,0.03614000,0.03300000,0.03522000,505298694.20000000
1714608000000,0.03522000,0.03557000,0.03390000,0.03510000,234493547.30000000
1714694400000,0.03510000,0.03764000,0.03466000,0.03722000,293263663.10000000
1714780800000,0.03722000,0.03791000,0.03666000,0.03714000,176555544.10000000
1714867200000,0.03714000,0.03766000,0.03631000,0.03733000,158196305.90000000
1714953600000,0.03735000,0.03869000,0.03591000,0.03593000,305284067.90000000
1715040000000,0.03594000,0.03692000,0.03540000,0.03551000,239229259.90000000
1715126400000,0.03551000,0.03617000,0.03478000,0.03509000,274077432.30000000
1715212800000,0.03509000,0.03586000,0.03427000,0.03565000,188446944.50000000
1715299200000,0.03566000,0.03640000,0.03425000,0.03463000,266391583.70000000
1715385600000,0.03464000,0.03532000,0.03426000,0.03440000,154105500.80000000
1715472000000,0.03440000,0.03516000,0.03408000,0.03434000,139744515.60000000
1715558400000,0.03435000,0.03459000,0.03261000,0.03368000,298166764.60000000
1715644800000,0.03368000,0.03425000,0.03292000,0.03335000,174884481.90000000
1715731200000,0.03334000,0.03558000,0.03314000,0.03540000,236939658.60000000
1715817600000,0.03540000,0.03642000,0.03481000,0.03525000,249629556.90000000
1715904000000,0.03525000,0.03669000,0.03479000,0.03596000,172669128.70000000
1715990400000,0.03595000,0.03629000,0.03521000,0.03527000,149297223.80000000
1716076800000,0.03527000,0.03554000,0.03388000,0.03427000,170626788.30000000
1716163200000,0.03428000,0.03690000,0.03361000,0.03684000,301230802.50000000
1716249600000,0.03685000,0.03750000,0.03600000,0.03653000,345710931.80000000
1716336000000,0.03651000,0.03678000,0.03529000,0.03587000,257503207.40000000
1716422400000,0.03587000,0.03669000,0.03344000,0.03513000,390369028.80000000
1716508800000,0.03513000,0.03543000,0.03406000,0.03534000,163709063.00000000
1716595200000,0.03534000,0.03577000,0.03512000,0.03558000,104357439.20000000
1716681600000,0.03558000,0.03619000,0.03490000,0.03560000,209213478.90000000
1716768000000,0.03561000,0.03728000,0.03507000,0.03661000,293578688.30000000
1716854400000,0.03662000,0.03666000,0.03516000,0.03580000,237470996.00000000
1716940800000,0.03581000,0.03636000,0.03508000,0.03516000,208725060.70000000
1717027200000,0.03516000,0.03552000,0.03404000,0.03432000,154156559.40000000
1717113600000,0.03432000,0.03461000,0.03336000,0.03394000,189840740.00000000
1717200000000,0.03394000,0.03399000,0.03354000,0.03370000,82723149.40000000
1717286400000,0.03370000,0.03403000,0.03316000,0.03331000,127746821.50000000
1717372800000,0.03330000,0.03458000,0.03311000,0.03369000,273958682.10000000
1717459200000,0.03368000,0.03451000,0.03324000,0.03428000,194316546.80000000
1717545600000,0.03429000,0.03578000,0.03425000,0.03555000,266331444.90000000
1717632000000,0.03556000,0.03662000,0.03501000,0.03578000,247955644.00000000
1717718400000,0.03578000,0.03647000,0.03006000,0.03285000,522362889.70000000
1717804800000,0.03284000,0.03292000,0.03113000,0.03161000,288405727.30000000
1717891200000,0.03161000,0.03224000,0.03115000,0.03191000,140788494.40000000
1717977600000,0.03192000,0.03193000,0.03073000,0.03108000,182093408.20000000
1718064000000,0.03108000,0.03111000,0.02899000,0.02983000,330003290.10000000
1718150400000,0.02983000,0.03210000,0.02911000,0.03131000,271155479.90000000
1718236800000,0.03131000,0.03134000,0.02938000,0.02959000,191499559.80000000
1718323200000,0.02959000,0.02996000,0.02780000,0.02854000,220951952.80000000
1718409600000,0.02853000,0.02915000,0.02819000,0.02863000,130563957.70000000
1718496000000,0.02863000,0.02975000,0.02825000,0.02950000,90818588.70000000
1718582400000,0.02951000,0.02973000,0.02660000,0.02738000,257276969.90000000
1718668800000,0.02737000,0.02746000,0.02381000,0.02552000,667247272.30000000
1718755200000,0.02551000,0.02680000,0.02522000,0.02604000,221969330.30000000
1718841600000,0.02604000,0.02759000,0.02589000,0.02673000,181286297.30000000
1718928000000,0.02673000,0.02710000,0.02603000,0.02614000,240684508.30000000
1719014400000,0.02614000,0.02628000,0.02567000,0.02570000,67686499.90000000
1719100800000,0.02571000,0.02609000,0.02488000,0.02503000,87806791.60000000
1719187200000,0.02503000,0.02537000,0.02381000,0.02531000,279448085.10000000
1719273600000,0.02532000,0.02682000,0.02526000,0.02642000,174189036.40000000
1719360000000,0.02642000,0.02673000,0.02574000,0.02595000,140594222.90000000
1719446400000,0.02596000,0.02675000,0.02560000,0.02669000,137578069.10000000
1719532800000,0.02669000,0.02750000,0.02578000,0.02665000,357389211.40000000
1719619200000,0.02665000,0.02731000,0.02591000,0.02594000,136442903.20000000
1719705600000,0.02596000,0.02685000,0.02558000,0.02678000,128741858.80000000
1719792000000,0.02679000,0.02730000,0.02613000,0.02680000,157287228.40000000
1719878400000,0.02678000,0.02689000,0.02615000,0.02650000,108189022.20000000
1719964800000,0.02650000,0.02670000,0.02478000,0.02490000,183883575.10000000
1720051200000,0.02490000,0.02504000,0.02252000,0.02270000,379740428.40000000
1720137600000,0.02270000,0.02397000,0.02016000,0.02352000,769678552.00000000
1720224000000,0.02351000,0.02492000,0.02310000,0.02430000,206409275.30000000
1720310400000,0.02432000,0.02438000,0.02248000,0.02265000,153650101.10000000
1720396800000,0.02265000,0.02483000,0.02161000,0.02464000,356877234.70000000
1720483200000,0.02465000,0.02606000,0.02451000,0.02558000,318920371.00000000
1720569600000,0.02557000,0.02628000,0.02522000,0.02616000,115998624.10000000
1720656000000,0.02616000,0.02779000,0.02585000,0.02654000,194942018.10000000
1720742400000,0.02654000,0.02718000,0.02575000,0.02718000,204077175.20000000
1720828800000,0.02718000,0.02952000,0.02689000,0.02931000,199306383.00000000
1720915200000,0.02931000,0.03200000,0.02850000,0.03120000,425904404.20000000
1721001600000,0.03119000,0.03386000,0.03092000,0.03226000,386514299.30000000
1721088000000,0.03225000,0.03274000,0.03106000,0.03165000,227824110.80000000
1721174400000,0.03165000,0.03283000,0.03097000,0.03111000,182949485.00000000
1721260800000,0.03112000,0.03190000,0.02988000,0.03036000,148587677.00000000
1721347200000,0.03036000,0.03174000,0.02961000,0.03133000,166866176.40000000
1721433600000,0.03133000,0.03146000,0.03043000,0.03057000,137035963.90000000
1721520000000,0.03057000,0.03107000,0.02905000,0.03078000,205704403.10000000
1721606400000,0.03078000,0.03093000,0.02925000,0.02938000,137616237.80000000
1721692800000,0.02937000,0.02984000,0.02833000,0.02880000,205731002.40000000
1721779200000,0.02880000,0.02949000,0.02753000,0.02769000,173600168.60000000
1721865600000,0.02768000,0.02779000,0.02640000,0.02734000,221004762.70000000
1721952000000,0.02732000,0.02855000,0.02731000,0.02851000,117128627.90000000
1722038400000,0.02851000,0.02887000,0.02746000,0.02814000,132951396.30000000
1722124800000,0.02815000,0.02818000,0.02712000,0.02737000,91653968.80000000
1722211200000,0.02738000,0.02877000,0.02709000,0.02715000,153228562.70000000
1722297600000,0.02716000,0.02751000,0.02618000,0.02659000,122487625.00000000
1722384000000,0.02659000,0.02754000,0.02608000,0.02625000,130182475.70000000
1722470400000,0.02625000,0.02657000,0.02485000,0.02638000,229144999.90000000
1722556800000,0.02639000,0.02649000,0.02428000,0.02449000,206224390.80000000
1722643200000,0.02448000,0.02510000,0.02297000,0.02369000,181146435.90000000
1722729600000,0.02369000,0.02397000,0.02180000,0.02237000,221252134.40000000
1722816000000,0.02238000,0.02259000,0.01890000,0.02155000,814812837.30000000
1722902400000,0.02156000,0.02315000,0.02152000,0.02269000,191715881.20000000
1722988800000,0.02269000,0.02332000,0.02174000,0.02199000,190605023.70000000
1723075200000,0.02200000,0.02420000,0.02163000,0.02408000,175081704.20000000
1723161600000,0.02408000,0.02420000,0.02308000,0.02349000,134201035.70000000
1723248000000,0.02350000,0.02391000,0.02316000,0.02374000,54306866.50000000
1723334400000,0.02376000,0.02437000,0.02235000,0.02242000,121828633.30000000
1723420800000,0.02241000,0.02360000,0.02220000,0.02327000,172915542.10000000
1723507200000,0.02326000,0.02368000,0.02268000,0.02361000,95271669.30000000
1723593600000,0.02362000,0.02366000,0.02262000,0.02281000,139619817.90000000
1723680000000,0.02281000,0.02316000,0.02177000,0.02194000,127120619.30000000
1723766400000,0.02193000,0.02234000,0.02138000,0.02197000,165658010.40000000
1723852800000,0.02197000,0.02245000,0.02176000,0.02245000,57474054.90000000
1723939200000,0.02245000,0.02285000,0.02215000,0.02223000,74716802.60000000
1724025600000,0.02223000,0.02297000,0.02214000,0.02291000,130071690.20000000
1724112000000,0.02291000,0.02400000,0.02279000,0.02325000,148942806.90000000
1724198400000,0.02325000,0.02435000,0.02293000,0.02410000,115570009.30000000
1724284800000,0.02411000,0.02444000,0.02371000,0.02413000,99376391.10000000
1724371200000,0.02414000,0.02606000,0.02411000,0.02582000,201064319.20000000
1724457600000,0.02582000,0.02638000,0.02540000,0.02596000,134033646.90000000
1724544000000,0.02595000,0.02610000,0.02487000,0.02504000,128642556.30000000
1724630400000,0.02505000,0.02532000,0.02375000,0.02389000,253301990.80000000
1724716800000,0.02389000,0.02456000,0.02230000,0.02288000,242721500.80000000
1724803200000,0.02288000,0.02358000,0.02215000,0.02268000,178525603.00000000
1724889600000,0.02268000,0.02333000,0.02203000,0.02234000,119195995.50000000
1724976000000,0.02233000,0.02259000,0.02141000,0.02235000,145869650.10000000
1725062400000,0.02235000,0.02243000,0.02164000,0.02182000,81480259.10000000
1725148800000,0.02183000,0.02189000,0.02067000,0.02088000,176000575.90000000
1725235200000,0.02088000,0.02183000,0.02060000,0.02178000,137836904.50000000
1725321600000,0.02177000,0.02225000,0.02077000,0.02078000,152031261.30000000
1725408000000,0.02083000,0.02189000,0.01984000,0.02142000,191574573.10000000
1725494400000,0.02142000,0.02151000,0.02047000,0.02064000,113482818.00000000
1725580800000,0.02062000,0.02115000,0.01938000,0.01998000,238178431.50000000
1725667200000,0.01998000,0.02050000,0.01995000,0.02019000,87591345.60000000
1725753600000,0.02020000,0.02096000,0.02005000,0.02073000,85235609.50000000
1725840000000,0.02074000,0.02193000,0.02056000,0.02160000,132850619.00000000
1725926400000,0.02160000,0.02220000,0.02140000,0.02193000,130755672.00000000
1726012800000,0.02193000,0.02196000,0.02082000,0.02164000,150750562.60000000
1726099200000,0.02164000,0.02235000,0.02141000,0.02233000,154294718.10000000
1726185600000,0.02233000,0.02283000,0.02194000,0.02273000,140298549.50000000
1726272000000,0.02273000,0.02282000,0.02209000,0.02230000,84451955.30000000
1726358400000,0.02230000,0.02247000,0.02114000,0.02142000,104844082.40000000
1726444800000,0.02139000,0.02180000,0.02072000,0.02093000,173250486.80000000
1726531200000,0.02092000,0.02165000,0.02072000,0.02120000,176220845.40000000
1726617600000,0.02120000,0.02194000,0.02089000,0.02192000,182715652.40000000
1726704000000,0.02192000,0.02300000,0.02191000,0.02268000,272475609.10000000
1726790400000,0.02268000,0.02440000,0.02245000,0.02389000,386522980.40000000
1726876800000,0.02388000,0.02435000,0.02354000,0.02426000,160424381.20000000
1726963200000,0.02427000,0.02429000,0.02308000,0.02374000,148747804.40000000
1727049600000,0.02375000,0.02429000,0.02319000,0.02400000,163387867.10000000
1727136000000,0.02401000,0.02496000,0.02373000,0.02476000,289391119.40000000
1727222400000,0.02476000,0.02554000,0.02434000,0.02458000,215256230.40000000
1727308800000,0.02458000,0.02568000,0.02419000,0.02552000,243051391.60000000
1727395200000,0.02550000,0.02698000,0.02547000,0.02662000,322895728.30000000
1727481600000,0.02663000,0.02702000,0.02551000,0.02580000,149268335.80000000
1727568000000,0.02580000,0.02608000,0.02521000,0.02576000,164358869.70000000
1727654400000,0.02576000,0.02584000,0.02408000,0.02430000,200872957.50000000
1727740800000,0.02429000,0.02513000,0.02212000,0.02268000,423748652.10000000
1727827200000,0.02267000,0.02332000,0.02201000,0.02235000,242555420.20000000
1727913600000,0.02234000,0.02283000,0.02151000,0.02213000,240381706.40000000
1728000000000,0.02213000,0.02293000,0.02190000,0.02282000,147847956.70000000
1728086400000,0.02282000,0.02304000,0.02227000,0.02264000,82291378.20000000
1728172800000,0.02265000,0.02334000,0.02252000,0.02326000,88030051.50000000
1728259200000,0.02327000,0.02425000,0.02200000,0.02291000,260187307.90000000
1728345600000,0.02291000,0.02330000,0.02227000,0.02241000,182108584.40000000
1728432000000,0.02241000,0.02274000,0.02170000,0.02200000,166234795.00000000
1728518400000,0.02200000,0.02217000,0.02132000,0.02198000,165992800.00000000
1728604800000,0.02196000,0.02278000,0.02194000,0.02261000,154057345.30000000
1728691200000,0.02261000,0.02301000,0.02259000,0.02269000,109084623.30000000
1728777600000,0.02269000,0.02276000,0.02185000,0.02232000,152049252.10000000
1728864000000,0.02233000,0.02350000,0.02205000,0.02331000,239174533.00000000
1728950400000,0.02331000,0.02394000,0.02242000,0.02348000,320929690.60000000
1729036800000,0.02350000,0.02370000,0.02287000,0.02310000,237391261.90000000
1729123200000,0.02310000,0.02329000,0.02216000,0.02250000,158695373.30000000
1729209600000,0.02249000,0.02337000,0.02232000,0.02317000,146254285.10000000
1729296000000,0.02318000,0.02364000,0.02299000,0.02323000,112949319.70000000
1729382400000,0.02323000,0.02447000,0.02293000,0.02440000,180200945.90000000
1729468800000,0.02441000,0.02476000,0.02329000,0.02345000,222044039.50000000
1729555200000,0.02346000,0.02382000,0.02313000,0.02339000,159810123.70000000
1729641600000,0.02339000,0.02344000,0.02198000,0.02251000,171050629.40000000
1729728000000,0.02250000,0.02333000,0.02220000,0.02322000,166796760.10000000
1729814400000,0.02322000,0.02331000,0.02085000,0.02158000,241374894.80000000
1729900800000,0.02157000,0.02188000,0.02117000,0.02185000,145345684.30000000
1729987200000,0.02185000,0.02246000,0.02172000,0.02207000,93589841.00000000
1730073600000,0.02207000,0.02218000,0.02122000,0.02191000,190033915.60000000
1730160000000,0.02192000,0.02282000,0.02186000,0.02267000,199036973.50000000
1730246400000,0.02266000,0.02272000,0.02198000,0.02223000,164993932.90000000
1730332800000,0.02224000,0.02233000,0.02090000,0.02116000,189157606.10000000
1730419200000,0.02115000,0.02130000,0.02050000,0.02069000,194354666.20000000
1730505600000,0.02068000,0.02090000,0.02014000,0.02038000,99888297.80000000
1730592000000,0.02039000,0.02043000,0.01919000,0.01976000,214002694.50000000
1730678400000,0.01976000,0.02005000,0.01907000,0.01939000,161746139.90000000
1730764800000,0.01939000,0.02035000,0.01927000,0.02013000,172141798.10000000
1730851200000,0.02012000,0.02199000,0.02011000,0.02176000,324660349.90000000
1730937600000,0.02177000,0.02238000,0.02142000,0.02174000,239557191.30000000
1731024000000,0.02175000,0.02258000,0.02148000,0.02232000,254741697.00000000
1731110400000,0.02231000,0.02325000,0.02191000,0.02315000,249171649.90000000
1731196800000,0.02316000,0.02656000,0.02267000,0.02531000,993186283.00000000
1731283200000,0.02532000,0.02845000,0.02483000,0.02844000,928155295.30000000
1731369600000,0.02843000,0.02985000,0.02559000,0.02702000,1166158230.70000000
1731456000000,0.02703000,0.02744000,0.02462000,0.02587000,738341267.70000000
1731542400000,0.02587000,0.02726000,0.02396000,0.02426000,619734881.10000000
1731628800000,0.02426000,0.02637000,0.02360000,0.02635000,465637728.50000000
1731715200000,0.02635000,0.03254000,0.02625000,0.03151000,1358642299.30000000
1731801600000,0.03151000,0.03314000,0.02810000,0.02866000,699453966.90000000
1731888000000,0.02867000,0.03409000,0.02850000,0.03240000,1231099194.50000000
1731974400000,0.03240000,0.03470000,0.03134000,0.03364000,992207379.40000000
1732060800000,0.03363000,0.03450000,0.03087000,0.03150000,598053509.60000000
1732147200000,0.03151000,0.03398000,0.03067000,0.03214000,837749866.70000000
1732233600000,0.03214000,0.03597000,0.03143000,0.03559000,1141888493.80000000
1732320000000,0.03560000,0.04747000,0.03532000,0.04258000,3735170971.70000000
1732406400000,0.04257000,0.04549000,0.03897000,0.04533000,1451132716.10000000
1732492800000,0.04535000,0.04539000,0.03996000,0.04047000,870034883.90000000
1732579200000,0.04047000,0.04214000,0.03750000,0.04146000,900743782.10000000
1732665600000,0.04145000,0.04395000,0.03989000,0.04307000,755730446.70000000
1732752000000,0.04306000,0.04308000,0.04033000,0.04179000,453878776.90000000
1732838400000,0.04178000,0.04550000,0.04137000,0.04537000,643963518.80000000
1732924800000,0.04538000,0.04832000,0.04359000,0.04590000,896717162.10000000
1733011200000,0.04590000,0.04700000,0.04389000,0.04609000,769608193.90000000
1733097600000,0.04610000,0.05823000,0.04587000,0.05764000,3253455103.00000000
1733184000000,0.05765000,0.08000000,0.05565000,0.07790000,5902041198.60000000
1733270400000,0.07781000,0.07790000,0.06543000,0.06793000,2452088715.30000000
1733356800000,0.06795000,0.07401000,0.06227000,0.06508000,2045072661.80000000
1733443200000,0.06508000,0.06878000,0.06202000,0.06733000,1254339087.60000000
1733529600000,0.06733000,0.07140000,0.06611000,0.06666000,910232004.20000000
1733616000000,0.06666000,0.07032000,0.06502000,0.06794000,686403376.00000000
1733702400000,0.06794000,0.06866000,0.05040000,0.05635000,1816544086.00000000
1733788800000,0.05634000,0.05952000,0.05090000,0.05569000,1844492589.60000000
1733875200000,0.05568000,0.06044000,0.05268000,0.05935000,1224921131.80000000
1733961600000,0.05938000,0.06412000,0.05815000,0.05993000,1252263010.80000000
1734048000000,0.05994000,0.06092000,0.05716000,0.06004000,862796880.50000000
1734134400000,0.06002000,0.06069000,0.05551000,0.05706000,559443531.40000000
1734220800000,0.05707000,0.05920000,0.05501000,0.05877000,611000143.70000000
1734307200000,0.05878000,0.05957000,0.05377000,0.05546000,780640674.10000000
1734393600000,0.05545000,0.06099000,0.05407000,0.05677000,1150598373.20000000
1734480000000,0.05678000,0.05727000,0.04910000,0.05032000,1185733880.30000000
1734566400000,0.05033000,0.05239000,0.04380000,0.04496000,1500946300.20000000
1734652800000,0.04497000,0.04862000,0.03835000,0.04810000,1812265601.70000000
1734739200000,0.04809000,0.05096000,0.04449000,0.04516000,725345279.90000000
1734825600000,0.04517000,0.04755000,0.04407000,0.04591000,708542790.10000000
1734912000000,0.04591000,0.04983000,0.04425000,0.04878000,746055028.30000000
1734998400000,0.04876000,0.05430000,0.04676000,0.05291000,830373790.90000000
1735084800000,0.05290000,0.05379000,0.05072000,0.05133000,520822206.50000000
1735171200000,0.05133000,0.05194000,0.04611000,0.04669000,512139280.70000000
1735257600000,0.04670000,0.04877000,0.04537000,0.04576000,524479167.50000000
1735344000000,0.04577000,0.04833000,0.04523000,0.04760000,331628391.00000000
1735430400000,0.04761000,0.04808000,0.04467000,0.04511000,301828061.40000000
1735516800000,0.04511000,0.04664000,0.04252000,0.04390000,453211739.40000000
1735603200000,0.04390000,0.04555000,0.04236000,0.04314000,413951695.70000000
1735689600000,0.04315000,0.04739000,0.04223000,0.04665000,467705114.00000000
1735776000000,0.04665000,0.04930000,0.04663000,0.04831000,562469334.10000000
1735862400000,0.04832000,0.05325000,0.04766000,0.05271000,691412758.20000000
1735948800000,0.05270000,0.05317000,0.05012000,0.05095000,419180204.80000000
1736035200000,0.05096000,0.05184000,0.04937000,0.05102000,387643023.90000000
1736121600000,0.05102000,0.05436000,0.04965000,0.05273000,495462625.40000000
1736208000000,0.05272000,0.05275000,0.04672000,0.04680000,672725046.30000000
1736294400000,0.04681000,0.04774000,0.04270000,0.04496000,587306778.70000000
1736380800000,0.04494000,0.04613000,0.04314000,0.04447000,485571465.30000000
1736467200000,0.04448000,0.04678000,0.04378000,0.04522000,498471070.30000000
1736553600000,0.04522000,0.04653000,0.04384000,0.04529000,320268657.90000000
1736640000000,0.04528000,0.04594000,0.04383000,0.04466000,286407766.30000000
1736726400000,0.04467000,0.04698000,0.04017000,0.04319000,662276684.50000000
1736812800000,0.04320000,0.04540000,0.04277000,0.04518000,406035056.80000000
1736899200000,0.04520000,0.04915000,0.04456000,0.04900000,657098233.70000000
1736985600000,0.04901000,0.05281000,0.04717000,0.05118000,894955920.30000000
1737072000000,0.05118000,0.05789000,0.05118000,0.05610000,1121342853.00000000
1737158400000,0.05611000,0.05675000,0.05038000,0.05165000,764252860.30000000
1737244800000,0.05166000,0.05435000,0.04440000,0.04535000,1254630892.80000000
1737331200000,0.04537000,0.05169000,0.04384000,0.04606000,1148372967.30000000
1737417600000,0.04606000,0.05318000,0.04388000,0.04917000,1853195936.10000000
1737504000000,0.04917000,0.05319000,0.04752000,0.04780000,1063296883.80000000
1737590400000,0.04780000,0.05055000,0.04650000,0.04896000,762194744.10000000
1737676800000,0.04896000,0.04997000,0.04664000,0.04770000,512395366.90000000
1737763200000,0.04769000,0.04894000,0.04706000,0.04761000,444610184.90000000
1737849600000,0.04762000,0.04857000,0.04517000,0.04522000,465629440.20000000
1737936000000,0.04522000,0.04552000,0.04156000,0.04471000,769068175.40000000
1738022400000,0.04470000,0.04576000,0.04187000,0.04236000,458842731.70000000
1738108800000,0.04237000,0.04507000,0.04150000,0.04329000,539539825.50000000
1738195200000,0.04330000,0.04817000,0.04289000,0.04641000,587953084.60000000
1738281600000,0.04642000,0.04894000,0.04518000,0.04669000,639648375.50000000
1738368000000,0.04669000,0.04847000,0.04315000,0.04341000,596767512.70000000
1738454400000,0.04342000,0.04441000,0.03560000,0.03773000,1202265919.60000000
1738540800000,0.03774000,0.03967000,0.02706000,0.03904000,2497886887.20000000
1738627200000,0.03903000,0.04007000,0.03466000,0.03597000,968267099.70000000
1738713600000,0.03598000,0.03657000,0.03410000,0.03454000,570168193.40000000
1738800000000,0.03454000,0.03589000,0.03221000,0.03265000,525021433.70000000
1738886400000,0.03265000,0.03536000,0.03154000,0.03244000,580830073.50000000
1738972800000,0.03243000,0.03324000,0.03187000,0.03299000,417623916.10000000
1739059200000,0.03298000,0.03388000,0.03045000,0.03190000,444672461.80000000
1739145600000,0.03191000,0.03396000,0.03087000,0.03368000,459048634.50000000
1739232000000,0.03368000,0.03572000,0.03275000,0.03318000,455919688.00000000
1739318400000,0.03317000,0.03596000,0.03184000,0.03546000,540433964.30000000
1739404800000,0.03547000,0.03594000,0.03364000,0.03443000,401633098.60000000
1739491200000,0.03443000,0.03648000,0.03421000,0.03524000,397511638.90000000
1739577600000,0.03525000,0.03581000,0.03370000,0.03404000,236069173.90000000
1739664000000,0.03403000,0.03421000,0.03290000,0.03310000,228090737.40000000
1739750400000,0.03310000,0.03449000,0.03221000,0.03290000,327213164.60000000
1739836800000,0.03290000,0.03328000,0.03049000,0.03167000,355378708.40000000
1739923200000,0.03167000,0.03249000,0.03107000,0.03181000,259850019.80000000
1740009600000,0.03181000,0.03309000,0.03166000,0.03279000,267235339.70000000
1740096000000,0.03278000,0.03428000,0.03059000,0.03116000,466264431.00000000
1740182400000,0.03117000,0.03274000,0.03097000,0.03245000,216417275.40000000
1740268800000,0.03245000,0.03261000,0.03151000,0.03220000,227020613.80000000
1740355200000,0.03221000,0.03253000,0.02778000,0.02807000,486528701.70000000
1740441600000,0.02806000,0.02919000,0.02585000,0.02867000,837615254.90000000
1740528000000,0.02868000,0.02924000,0.02706000,0.02800000,470418442.90000000
1740614400000,0.02801000,0.02938000,0.02738000,0.02819000,352825044.40000000
1740700800000,0.02820000,0.02850000,0.02546000,0.02804000,607385461.30000000
1740787200000,0.02803000,0.02890000,0.02722000,0.02846000,332690988.30000000
1740873600000,0.02847000,0.03303000,0.02786000,0.03217000,869330448.60000000
1740960000000,0.03217000,0.03349000,0.02669000,0.02694000,884721351.20000000
1741046400000,0.02694000,0.02760000,0.02463000,0.02715000,863209225.30000000
1741132800000,0.02714000,0.02942000,0.02695000,0.02893000,501509650.30000000
1741219200000,0.02894000,0.02980000,0.02745000,0.02800000,345825006.90000000
1741305600000,0.02800000,0.03026000,0.02646000,0.02783000,699714732.00000000
1741392000000,0.02782000,0.02819000,0.02697000,0.02714000,339494376.30000000
1741478400000,0.02714000,0.02742000,0.02441000,0.02469000,497736508.60000000
1741564800000,0.02470000,0.02601000,0.02243000,0.02262000,718547484.30000000
1741651200000,0.02263000,0.02465000,0.02124000,0.02396000,758036908.90000000
1741737600000,0.02395000,0.02517000,0.02305000,0.02434000,547677028.10000000
1741824000000,0.02433000,0.02470000,0.02294000,0.02376000,470202820.00000000
1741910400000,0.02376000,0.02511000,0.02367000,0.02469000,331561087.60000000
1741996800000,0.02469000,0.02552000,0.02453000,0.02533000,299510172.90000000
1742083200000,0.02533000,0.02535000,0.02389000,0.02424000,356528576.80000000
1742169600000,0.02424000,0.02589000,0.02424000,0.02532000,381029415.90000000
1742256000000,0.02532000,0.02532000,0.02400000,0.02529000,366954716.40000000
1742342400000,0.02528000,0.02716000,0.02528000,0.02716000,630224543.70000000
1742428800000,0.02715000,0.02725000,0.02558000,0.02611000,339671934.70000000
1742515200000,0.02611000,0.02638000,0.02511000,0.02519000,317397732.40000000
1742601600000,0.02519000,0.02595000,0.02494000,0.02531000,253740376.70000000
1742688000000,0.02532000,0.02558000,0.02473000,0.02510000,186190542.40000000
1742774400000,0.02509000,0.02694000,0.02476000,0.02629000,490137955.80000000
1742860800000,0.02629000,0.02699000,0.02586000,0.02666000,377095800.10000000
1742947200000,0.02666000,0.02760000,0.02601000,0.02636000,370661564.90000000
1743033600000,0.02636000,0.02678000,0.02561000,0.02618000,285271994.30000000
1743120000000,0.02617000,0.02633000,0.02378000,0.02413000,502523877.50000000
1743206400000,0.02413000,0.02422000,0.02238000,0.02281000,340047721.60000000
1743292800000,0.02282000,0.02345000,0.02236000,0.02274000,303042401.90000000
1743379200000,0.02276000,0.02301000,0.02194000,0.02243000,503726156.90000000
1743465600000,0.02245000,0.02376000,0.02231000,0.02342000,442039096.40000000
1743552000000,0.02343000,0.02399000,0.02129000,0.02159000,593726459.60000000
1743638400000,0.02159000,0.02233000,0.02073000,0.02174000,443726511.40000000
1743724800000,0.02175000,0.02252000,0.02129000,0.02208000,296863086.50000000
1743811200000,0.02208000,0.02227000,0.02148000,0.02178000,191309252.50000000
1743897600000,0.02179000,0.02206000,0.01927000,0.01973000,445550638.20000000
1743984000000,0.01974000,0.02097000,0.01771000,0.02027000,1109045987.60000000
1744070400000,0.02028000,0.02126000,0.01953000,0.01974000,505049825.80000000
1744156800000,0.01975000,0.02278000,0.01899000,0.02218000,768999990.30000000
1744243200000,0.02217000,0.02227000,0.02065000,0.02121000,398822247.00000000
1744329600000,0.02121000,0.02244000,0.02117000,0.02210000,431072553.70000000
1744416000000,0.02208000,0.02351000,0.02186000,0.02342000,403282398.60000000
1744502400000,0.02342000,0.02421000,0.02239000,0.02272000,476685702.80000000
1744588800000,0.02272000,0.02473000,0.02235000,0.02339000,758557987.70000000
1744675200000,0.02339000,0.02431000,0.02241000,0.02256000,501529418.70000000
1744761600000,0.02256000,0.02282000,0.02175000,0.02212000,388128919.80000000
1744848000000,0.02212000,0.02315000,0.02199000,0.02277000,226450802.60000000
1744934400000,0.02277000,0.02355000,0.02248000,0.02318000,207196717.40000000
1745020800000,0.02318000,0.02365000,0.02310000,0.02352000,164749485.70000000
1745107200000,0.02353000,0.02392000,0.02292000,0.02363000,189682179.70000000
1745193600000,0.02363000,0.02465000,0.02339000,0.02350000,308462377.10000000
1745280000000,0.02350000,0.02553000,0.02308000,0.02547000,352943239.20000000
1745366400000,0.02548000,0.02650000,0.02524000,0.02610000,406197442.90000000
1745452800000,0.02610000,0.02698000,0.02483000,0.02671000,396377607.60000000
1745539200000,0.02671000,0.02732000,0.02636000,0.02701000,355612938.20000000
1745625600000,0.02702000,0.02796000,0.02668000,0.02721000,327303734.20000000
1745712000000,0.02721000,0.02773000,0.02624000,0.02643000,319344546.90000000
1745798400000,0.02644000,0.02799000,0.02569000,0.02733000,366224692.50000000
1745884800000,0.02734000,0.02840000,0.02645000,0.02674000,395808374.90000000
1745971200000,0.02673000,0.02713000,0.02553000,0.02623000,212661818.90000000
1746057600000,0.02623000,0.02750000,0.02621000,0.02720000,193017127.50000000
1746144000000,0.02719000,0.02788000,0.02685000,0.02742000,203622149.90000000
1746230400000,0.02743000,0.02752000,0.02576000,0.02608000,156525517.10000000
1746316800000,0.02609000,0.02628000,0.02486000,0.02502000,160880819.70000000
1746403200000,0.02503000,0.02563000,0.02454000,0.02503000,179725863.10000000
1746489600000,0.02503000,0.02524000,0.02389000,0.02487000,309063109.10000000
1746576000000,0.02488000,0.02547000,0.02429000,0.02487000,312487625.90000000
1746662400000,0.02487000,0.02871000,0.02479000,0.02869000,430835251.70000000
1746748800000,0.02868000,0.03030000,0.02849000,0.03002000,565697244.30000000
1746835200000,0.03002000,0.03231000,0.02971000,0.03227000,437083275.50000000
1746921600000,0.03226000,0.03254000,0.03010000,0.03120000,359062662.70000000
1747008000000,0.03120000,0.03398000,0.02991000,0.03089000,728630249.70000000
1747094400000,0.03088000,0.03244000,0.02925000,0.03189000,450482962.90000000
1747180800000,0.03190000,0.03301000,0.03007000,0.03031000,380288174.70000000
1747267200000,0.03032000,0.03083000,0.02798000,0.02880000,410703976.80000000
1747353600000,0.02881000,0.02994000,0.02829000,0.02853000,239999976.00000000
1747440000000,0.02853000,0.02865000,0.02723000,0.02769000,225840305.00000000
1747526400000,0.02769000,0.02949000,0.02712000,0.02903000,283038795.30000000
1747612800000,0.02904000,0.02919000,0.02673000,0.02804000,243748862.30000000
1747699200000,0.02804000,0.02895000,0.02724000,0.02850000,259476131.70000000
1747785600000,0.02851000,0.02969000,0.02793000,0.02915000,334331091.40000000
1747872000000,0.02915000,0.03069000,0.02912000,0.03066000,283840472.20000000
1747958400000,0.03067000,0.03139000,0.02778000,0.02796000,537942719.70000000
1748044800000,0.02797000,0.02839000,0.02725000,0.02745000,227317535.20000000
1748131200000,0.02746000,0.02757000,0.02615000,0.02737000,246644794.80000000
1748217600000,0.02738000,0.02824000,0.02719000,0.02747000,241201374.50000000
1748304000000,0.02747000,0.02864000,0.02677000,0.02758000,251645324.00000000
1748390400000,0.02758000,0.02819000,0.02638000,0.02719000,266071042.40000000
1748476800000,0.02721000,0.02768000,0.02591000,0.02600000,310521751.60000000
1748563200000,0.02599000,0.02616000,0.02370000,0.02393000,469191651.50000000
1748649600000,0.02393000,0.02447000,0.02310000,0.02415000,289729496.80000000
1748736000000,0.02416000,0.02443000,0.02356000,0.02432000,162663617.60000000
1748822400000,0.02433000,0.02487000,0.02380000,0.02484000,177710858.20000000
1748908800000,0.02483000,0.02545000,0.02444000,0.02465000,212401524.20000000
1748995200000,0.02464000,0.02510000,0.02357000,0.02373000,175091406.00000000
1749081600000,0.02374000,0.02436000,0.02225000,0.02261000,377125480.60000000
1749168000000,0.02261000,0.02399000,0.02253000,0.02350000,253675015.70000000
1749254400000,0.02351000,0.02449000,0.02343000,0.02409000,159658392.40000000
1749340800000,0.02409000,0.02452000,0.02372000,0.02410000,179906944.80000000
1749427200000,0.02410000,0.02525000,0.02360000,0.02520000,241596360.90000000
1749513600000,0.02520000,0.02627000,0.02472000,0.02626000,389579100.30000000
1749600000000,0.02627000,0.02630000,0.02467000,0.02498000,321477179.30000000
1749686400000,0.02498000,0.02506000,0.02332000,0.02342000,254089414.10000000
1749772800000,0.02341000,0.02342000,0.02180000,0.02260000,449599101.30000000
1749859200000,0.02260000,0.02262000,0.02164000,0.02206000,132838960.10000000
1749945600000,0.02206000,0.02248000,0.02185000,0.02226000,129454002.00000000
1750032000000,0.02226000,0.02329000,0.02200000,0.02221000,183643358.40000000
1750118400000,0.02221000,0.02261000,0.02106000,0.02143000,226841839.30000000
1750204800000,0.02144000,0.02197000,0.02087000,0.02180000,162624598.20000000
1750291200000,0.02180000,0.02200000,0.02124000,0.02171000,139468806.40000000
1750377600000,0.02170000,0.02208000,0.02053000,0.02084000,241027777.10000000
1750464000000,0.02085000,0.02129000,0.01942000,0.02001000,230052596.20000000
1750550400000,0.02003000,0.02019000,0.01820000,0.01930000,330209041.00000000
1750636800000,0.01930000,0.02152000,0.01913000,0.02146000,346782425.30000000
1750723200000,0.02146000,0.02199000,0.02121000,0.02158000,286537112.80000000
1750809600000,0.02158000,0.02167000,0.02091000,0.02102000,181100941.90000000
1750896000000,0.02103000,0.02160000,0.02032000,0.02035000,239922919.30000000
1750982400000,0.02035000,0.02068000,0.02007000,0.02044000,191501385.70000000
1751068800000,0.02045000,0.02141000,0.02033000,0.02122000,150934192.30000000
1751155200000,0.02123000,0.02200000,0.02076000,0.02179000,148210267.90000000
1751241600000,0.02180000,0.02186000,0.02082000,0.02124000,192778726.50000000
1751328000000,0.02124000,0.02137000,0.02006000,0.02031000,203953729.80000000
1751414400000,0.02030000,0.02222000,0.02006000,0.02182000,237161663.40000000
1751500800000,0.02181000,0.02247000,0.02168000,0.02197000,208795071.80000000
1751587200000,0.02198000,0.02214000,0.02061000,0.02080000,167527935.20000000
1751673600000,0.02081000,0.02104000,0.02040000,0.02071000,115132009.00000000
1751760000000,0.02071000,0.02119000,0.02033000,0.02086000,154393449.00000000
1751846400000,0.02086000,0.02114000,0.02018000,0.02043000,190490047.80000000
1751932800000,0.02042000,0.02095000,0.02016000,0.02090000,171374796.90000000
1752019200000,0.02091000,0.02254000,0.02071000,0.02241000,298685416.90000000
1752105600000,0.02240000,0.02425000,0.02218000,0.02405000,364627333.80000000
1752192000000,0.02406000,0.02553000,0.02366000,0.02402000,598854145.50000000
1752278400000,0.02402000,0.02466000,0.02307000,0.02363000,296392303.30000000
1752364800000,0.02364000,0.02525000,0.02353000,0.02465000,374919738.50000000
1752451200000,0.02465000,0.02577000,0.02397000,0.02432000,424486770.90000000
1752537600000,0.02431000,0.02520000,0.02342000,0.02520000,437962019.10000000
1752624000000,0.02520000,0.02625000,0.02470000,0.02557000,476524862.10000000
1752710400000,0.02556000,0.02677000,0.02484000,0.02641000,494770784.20000000
1752796800000,0.02641000,0.02919000,0.02615000,0.02705000,896214999.90000000
1752883200000,0.02706000,0.02802000,0.02633000,0.02782000,357924826.20000000
1752969600000,0.02782000,0.02942000,0.02758000,0.02837000,497297339.00000000
1753056000000,0.02837000,0.02955000,0.02786000,0.02836000,454651011.80000000
1753142400000,0.02836000,0.02850000,0.02686000,0.02811000,502444825.90000000
1753228800000,0.02810000,0.02810000,0.02452000,0.02535000,621070811.50000000
1753315200000,0.02536000,0.02594000,0.02361000,0.02478000,498356474.40000000
1753401600000,0.02479000,0.02579000,0.02407000,0.02577000,350184669.80000000
1753488000000,0.02576000,0.02625000,0.02544000,0.02579000,249603485.50000000
1753574400000,0.02579000,0.02646000,0.02555000,0.02633000,246642261.00000000
1753660800000,0.02634000,0.02668000,0.02452000,0.02473000,437300801.00000000
1753747200000,0.02473000,0.02559000,0.02430000,0.02525000,579599583.60000000
1753833600000,0.02525000,0.02544000,0.02330000,0.02448000,501886088.80000000
1753920000000,0.02449000,0.02499000,0.02300000,0.02308000,453870451.40000000
1754006400000,0.02309000,0.02349000,0.02213000,0.02264000,665549956.00000000
1754092800000,0.02263000,0.02314000,0.02170000,0.02220000,329455804.80000000
1754179200000,0.02220000,0.02336000,0.02189000,0.02304000,223949291.70000000
1754265600000,0.02304000,0.02400000,0.02282000,0.02370000,290055370.60000000
1754352000000,0.02371000,0.02378000,0.02248000,0.02297000,263150211.30000000
1754438400000,0.02297000,0.02358000,0.02247000,0.02349000,237523156.30000000
1754524800000,0.02348000,0.02448000,0.02317000,0.02444000,315540387.80000000
1754611200000,0.02444000,0.02472000,0.02387000,0.02457000,357044926.70000000
1754697600000,0.02458000,0.02550000,0.02454000,0.02518000,320097768.90000000
1754784000000,0.02518000,0.02557000,0.02458000,0.02514000,370959401.70000000
1754870400000,0.02514000,0.02595000,0.02409000,0.02470000,565150671.40000000
1754956800000,0.02470000,0.02592000,0.02394000,0.02570000,385509942.90000000
1755043200000,0.02570000,0.02666000,0.02533000,0.02651000,483661912.70000000
1755129600000,0.02653000,0.02697000,0.02412000,0.02463000,738434578.60000000
1755216000000,0.02463000,0.02519000,0.02377000,0.02433000,380869148.50000000
1755302400000,0.02434000,0.02486000,0.02423000,0.02464000,190837764.60000000
1755388800000,0.02464000,0.02570000,0.02445000,0.02476000,284884458.90000000
1755475200000,0.02476000,0.02480000,0.02332000,0.02385000,429053986.20000000
1755561600000,0.02385000,0.02412000,0.02292000,0.02296000,408905178.50000000
1755648000000,0.02296000,0.02402000,0.02283000,0.02388000,320946050.30000000
1755734400000,0.02387000,0.02441000,0.02353000,0.02364000,291838407.10000000
1755820800000,0.02366000,0.02549000,0.02294000,0.02534000,665498987.70000000
1755907200000,0.02535000,0.02650000,0.02515000,0.02558000,546673234.40000000
1755993600000,0.02558000,0.02712000,0.02479000,0.02604000,735439348.30000000
1756080000000,0.02605000,0.02725000,0.02397000,0.02424000,1438887688.30000000
1756166400000,0.02424000,0.02535000,0.02375000,0.02515000,453339697.10000000
1756252800000,0.02516000,0.02542000,0.02457000,0.02487000,388804063.70000000
1756339200000,0.02488000,0.02587000,0.02459000,0.02561000,362110170.80000000
1756425600000,0.02562000,0.02568000,0.02394000,0.02425000,411060096.60000000
1756512000000,0.02424000,0.02477000,0.02415000,0.02471000,191258210.80000000
1756598400000,0.02471000,0.02493000,0.02413000,0.02414000,196808142.30000000
1756684800000,0.02413000,0.02468000,0.02303000,0.02353000,377676125.90000000
1756771200000,0.02354000,0.02395000,0.02313000,0.02389000,266380179.40000000
1756857600000,0.02389000,0.02419000,0.02351000,0.02392000,231877153.80000000
1756944000000,0.02393000,0.02406000,0.02294000,0.02313000,218947957.80000000
1757030400000,0.02312000,0.02403000,0.02307000,0.02358000,295348795.70000000
1757116800000,0.02358000,0.02372000,0.02311000,0.02331000,121950607.00000000
1757203200000,0.02331000,0.02370000,0.02328000,0.02352000,105332229.90000000
1757289600000,0.02353000,0.02456000,0.02340000,0.02436000,350533436.20000000
1757376000000,0.02435000,0.02489000,0.02382000,0.02421000,299142970.80000000
1757462400000,0.02420000,0.02469000,0.02393000,0.02441000,234629257.80000000
1757548800000,0.02441000,0.02508000,0.02409000,0.02495000,230308275.50000000
1757635200000,0.02496000,0.02539000,0.02447000,0.02536000,261659552.60000000
1757721600000,0.02536000,0.02595000,0.02511000,0.02566000,388359529.20000000
1757808000000,0.02567000,0.02567000,0.02444000,0.02461000,255619824.70000000
1757894400000,0.02461000,0.02497000,0.02385000,0.02412000,294506723.80000000
1757980800000,0.02412000,0.02467000,0.02380000,0.02449000,241639590.50000000
1758067200000,0.02450000,0.02549000,0.02391000,0.02528000,359810060.00000000
1758153600000,0.02528000,0.02613000,0.02499000,0.02595000,383502938.50000000
1758240000000,0.02595000,0.02637000,0.02478000,0.02492000,439040875.10000000
1758326400000,0.02493000,0.02520000,0.02457000,0.02468000,183606862.70000000
1758412800000,0.02468000,0.02482000,0.02421000,0.02432000,158030491.70000000
1758499200000,0.02432000,0.02446000,0.02224000,0.02290000,521734518.20000000
1758585600000,0.02291000,0.02311000,0.02243000,0.02252000,301463713.70000000
1758672000000,0.02252000,0.02314000,0.02216000,0.02263000,256553087.80000000
1758758400000,0.02263000,0.02270000,0.02117000,0.02142000,360122900.20000000
1758844800000,0.02144000,0.02248000,0.02129000,0.02227000,391811323.90000000
1758931200000,0.02227000,0.02236000,0.02178000,0.02181000,132815745.40000000
1759017600000,0.02182000,0.02224000,0.02131000,0.02212000,176615112.20000000
1759104000000,0.02212000,0.02241000,0.02158000,0.02205000,192756095.00000000
1759190400000,0.02205000,0.02215000,0.02133000,0.02172000,198659503.30000000
1759276800000,0.02172000,0.02319000,0.02152000,0.02318000,268217027.60000000
1759363200000,0.02319000,0.02383000,0.02304000,0.02373000,323120167.20000000
1759449600000,0.02373000,0.02420000,0.02320000,0.02370000,352794182.70000000
1759536000000,0.02370000,0.02370000,0.02271000,0.02297000,231660366.10000000
1759622400000,0.02297000,0.02387000,0.02279000,0.02285000,264226233.90000000
1759708800000,0.02285000,0.02410000,0.02266000,0.02366000,263116336.40000000
1759795200000,0.02366000,0.02382000,0.02242000,0.02251000,319905443.00000000
1759881600000,0.02251000,0.02314000,0.02235000,0.02275000,205226608.60000000
1759968000000,0.02276000,0.02279000,0.02172000,0.02204000,223906442.00000000
1760054400000,0.02204000,0.02243000,0.00982000,0.01586000,1795837565.80000000
1760140800000,0.01584000,0.01777000,0.01463000,0.01674000,2065763766.90000000
1760227200000,0.01674000,0.01949000,0.01654000,0.01921000,525715462.10000000
1760313600000,0.01920000,0.02022000,0.01881000,0.01989000,492095732.10000000
1760400000000,0.01989000,0.01997000,0.01799000,0.01912000,526260036.50000000
1760486400000,0.01913000,0.01946000,0.01801000,0.01831000,341203553.30000000
1760572800000,0.01831000,0.01863000,0.01703000,0.01734000,451647230.00000000
1760659200000,0.01734000,0.01762000,0.01614000,0.01716000,499675787.90000000
1760745600000,0.01716000,0.01748000,0.01686000,0.01713000,171230163.00000000
1760832000000,0.01714000,0.01804000,0.01695000,0.01764000,204475912.80000000
1760918400000,0.01764000,0.01827000,0.01731000,0.01782000,180029390.90000000
1761004800000,0.01782000,0.01822000,0.01710000,0.01720000,404935388.90000000
1761091200000,0.01719000,0.01735000,0.01650000,0.01697000,277704001.50000000
1761177600000,0.01697000,0.01752000,0.01689000,0.01719000,142544398.30000000
1761264000000,0.01720000,0.01779000,0.01699000,0.01736000,190647348.10000000
1761350400000,0.01736000,0.01741000,0.01709000,0.01733000,96684491.90000000
1761436800000,0.01734000,0.01803000,0.01716000,0.01789000,125676955.20000000
1761523200000,0.01791000,0.01811000,0.01719000,0.01729000,301372217.60000000
1761609600000,0.01727000,0.01752000,0.01650000,0.01676000,283495250.60000000
1761696000000,0.01675000,0.01733000,0.01656000,0.01680000,193119235.20000000
1761782400000,0.01681000,0.01699000,0.01510000,0.01558000,428062159.00000000
1761868800000,0.01558000,0.01598000,0.01528000,0.01559000,192174114.30000000
1761955200000,0.01560000,0.01635000,0.01549000,0.01632000,171933036.10000000
1762041600000,0.01632000,0.01635000,0.01565000,0.01633000,164796725.10000000
1762128000000,0.01633000,0.01636000,0.01423000,0.01464000,523111012.90000000
1762214400000,0.01465000,0.01498000,0.01319000,0.01402000,511452991.10000000
1762300800000,0.01402000,0.01532000,0.01329000,0.01513000,391362396.10000000
1762387200000,0.01512000,0.01541000,0.01418000,0.01468000,356033198.80000000
1762473600000,0.01468000,0.01781000,0.01463000,0.01692000,708903749.30000000
1762560000000,0.01693000,0.01771000,0.01664000,0.01734000,402133306.50000000
1762646400000,0.01734000,0.01744000,0.01637000,0.01714000,328587635.10000000
1762732800000,0.01713000,0.01801000,0.01694000,0.01737000,364604756.70000000
1762819200000,0.01738000,0.01870000,0.01686000,0.01690000,782308407.90000000
1762905600000,0.01691000,0.01771000,0.01632000,0.01644000,384784061.90000000
1762992000000,0.01644000,0.01728000,0.01562000,0.01598000,365598697.90000000
1763078400000,0.01600000,0.01612000,0.01522000,0.01547000,317580741.20000000
1763164800000,0.01548000,0.01616000,0.01545000,0.01565000,165864726.20000000
1763251200000,0.01565000,0.01593000,0.01461000,0.01506000,248771180.20000000
1763337600000,0.01507000,0.01556000,0.01411000,0.01445000,324039378.90000000
1763424000000,0.01444000,0.01519000,0.01411000,0.01489000,278169682.70000000
1763510400000,0.01488000,0.01492000,0.01360000,0.01435000,268052318.50000000
1763596800000,0.01435000,0.01455000,0.01318000,0.01338000,359231998.40000000
1763683200000,0.01338000,0.01374000,0.01228000,0.01280000,571996844.30000000
1763769600000,0.01280000,0.01298000,0.01245000,0.01279000,199884969.50000000
1763856000000,0.01279000,0.01325000,0.01276000,0.01295000,207314886.50000000
1763942400000,0.01296000,0.01396000,0.01277000,0.01372000,350269586.70000000
1764028800000,0.01372000,0.01378000,0.01315000,0.01362000,197238788.70000000
1764115200000,0.01362000,0.01419000,0.01318000,0.01389000,242358759.90000000
1764201600000,0.01388000,0.01403000,0.01370000,0.01380000,156566264.20000000
1764288000000,0.01380000,0.01417000,0.01352000,0.01362000,178914171.10000000
1764374400000,0.01362000,0.01368000,0.01326000,0.01339000,110239416.80000000
1764460800000,0.01339000,0.01354000,0.01304000,0.01306000,101094898.90000000
1764547200000,0.01305000,0.01309000,0.01199000,0.01242000,421362084.50000000
1764633600000,0.01243000,0.01348000,0.01220000,0.01332000,294594618.70000000
1764720000000,0.01332000,0.01380000,0.01309000,0.01367000,187260447.10000000
1764806400000,0.01367000,0.01383000,0.01290000,0.01300000,215520581.00000000
1764892800000,0.01300000,0.01318000,0.01230000,0.01263000,266280015.50000000
1764979200000,0.01263000,0.01279000,0.01248000,0.01264000,144335954.20000000
1765065600000,0.01263000,0.01282000,0.01213000,0.01233000,212094566.10000000
1765152000000,0.01233000,0.01277000,0.01219000,0.01257000,241228139.50000000
1765238400000,0.01256000,0.01334000,0.01234000,0.01277000,237179013.90000000
1765324800000,0.01277000,0.01299000,0.01221000,0.01230000,321660722.50000000
1765411200000,0.01230000,0.01231000,0.01154000,0.01205000,343605895.10000000
1765497600000,0.01204000,0.01215000,0.01138000,0.01159000,254019865.30000000
1765584000000,0.01159000,0.01190000,0.01150000,0.01165000,166352739.00000000
1765670400000,0.01166000,0.01194000,0.01109000,0.01123000,215829160.60000000
1765756800000,0.01124000,0.01150000,0.01033000,0.01073000,344054755.10000000
1765843200000,0.01073000,0.01098000,0.01037000,0.01086000,280616866.40000000
1765929600000,0.01086000,0.01119000,0.01016000,0.01026000,315450127.00000000
1766016000000,0.01027000,0.01054000,0.00953000,0.00980000,386717670.20000000
1766102400000,0.00980000,0.01088000,0.00963000,0.01074000,390392851.80000000
1766188800000,0.01073000,0.01085000,0.01061000,0.01064000,131443804.00000000
1766275200000,0.01064000,0.01087000,0.01030000,0.01051000,234846549.70000000
1766361600000,0.01052000,0.01088000,0.01038000,0.01062000,438496486.50000000
1766448000000,0.01062000,0.01071000,0.01027000,0.01052000,210736062.00000000
1766534400000,0.01053000,0.01068000,0.01022000,0.01059000,187822235.40000000
1766620800000,0.01060000,0.01073000,0.01033000,0.01039000,138858677.20000000
1766707200000,0.01037000,0.01081000,0.01033000,0.01056000,163876027.20000000
1766793600000,0.01055000,0.01153000,0.01053000,0.01145000,338908255.70000000
1766880000000,0.01145000,0.01153000,0.01102000,0.01114000,186506866.30000000
1766966400000,0.01112000,0.01143000,0.01086000,0.01089000,183955568.00000000
1767052800000,0.01089000,0.01110000,0.01070000,0.01085000,158893347.40000000
1767139200000,0.01084000,0.01092000,0.01030000,0.01043000,195163368.10000000
1767225600000,0.01043000,0.01116000,0.01033000,0.01108000,163247004.90000000
1767312000000,0.01109000,0.01179000,0.01093000,0.01169000,260046880.10000000
1767398400000,0.01170000,0.01199000,0.01151000,0.01170000,189293489.30000000
1767484800000,0.01170000,0.01224000,0.01168000,0.01214000,182759009.40000000
1767571200000,0.01214000,0.01271000,0.01185000,0.01260000,269387530.00000000
1767657600000,0.01259000,0.01319000,0.01226000,0.01285000,275060310.30000000
1767744000000,0.01286000,0.01288000,0.01201000,0.01214000,196799775.40000000
1767830400000,0.01214000,0.01224000,0.01148000,0.01179000,243480229.20000000
1767916800000,0.01180000,0.01210000,0.01153000,0.01175000,182428095.30000000
1768003200000,0.01175000,0.01196000,0.01164000,0.01171000,125069390.40000000
1768089600000,0.01170000,0.01184000,0.01127000,0.01152000,135823393.00000000
1768176000000,0.01153000,0.01190000,0.01120000,0.01130000,213185903.50000000
1768262400000,0.01131000,0.01243000,0.01123000,0.01220000,251147161.00000000
1768348800000,0.01220000,0.01256000,0.01203000,0.01211000,304964821.10000000
1768435200000,0.01212000,0.01216000,0.01139000,0.01153000,321120579.10000000
1768521600000,0.01153000,0.01197000,0.01123000,0.01179000,239214158.20000000
1768608000000,0.01180000,0.01222000,0.01172000,0.01179000,208060132.40000000
1768694400000,0.01180000,0.01195000,0.01101000,0.01103000,194374741.70000000
1768780800000,0.01103000,0.01107000,0.01007000,0.01083000,388339730.20000000
1768867200000,0.01084000,0.01086000,0.00995000,0.01009000,378387818.90000000
1768953600000,0.01009000,0.01071000,0.00997000,0.01044000,329381629.50000000
1769040000000,0.01045000,0.01068000,0.01010000,0.01022000,166569030.60000000
1769126400000,0.01023000,0.01060000,0.01009000,0.01026000,220863753.20000000
1769212800000,0.01026000,0.01040000,0.01018000,0.01030000,147539271.20000000
1769299200000,0.01031000,0.01047000,0.00974000,0.00991000,346678727.40000000
1769385600000,0.00990000,0.01029000,0.00988000,0.01013000,268067680.50000000
1769472000000,0.01013000,0.01037000,0.00995000,0.01029000,232521999.40000000
1769558400000,0.01029000,0.01032000,0.01005000,0.01022000,171694559.90000000
1769644800000,0.01022000,0.01026000,0.00922000,0.00937000,448551364.90000000
1769731200000,0.00938000,0.00944000,0.00897000,0.00925000,378791764.80000000
1769817600000,0.00925000,0.00930000,0.00759000,0.00843000,724184209.10000000
1769904000000,0.00843000,0.00861000,0.00798000,0.00817000,321562868.40000000
1769990400000,0.00817000,0.00878000,0.00790000,0.00862000,446398442.60000000
1770076800000,0.00862000,0.00887000,0.00800000,0.00845000,408269218.20000000
1770163200000,0.00844000,0.00878000,0.00811000,0.00833000,339589823.50000000
1770249600000,0.00834000,0.00839000,0.00711000,0.00730000,872448571.20000000
1770336000000,0.00730000,0.00844000,0.00658000,0.00828000,748006129.80000000
1770422400000,0.00828000,0.00831000,0.00786000,0.00808000,350730113.30000000
1770508800000,0.00808000,0.00821000,0.00791000,0.00802000,196698888.20000000
1770595200000,0.00803000,0.00814000,0.00769000,0.00793000,213757602.60000000
1770681600000,0.00793000,0.00795000,0.00765000,0.00770000,201659988.30000000
1770768000000,0.00770000,0.00780000,0.00740000,0.00756000,274232616.10000000
1770854400000,0.00757000,0.00818000,0.00757000,0.00790000,282146554.20000000
1770940800000,0.00790000,0.00831000,0.00774000,0.00821000,287432316.30000000
1771027200000,0.00822000,0.00893000,0.00820000,0.00884000,338870524.30000000
1771113600000,0.00885000,0.00895000,0.00819000,0.00837000,359456598.80000000
1771200000000,0.00836000,0.00848000,0.00809000,0.00831000,201599324.10000000
1771286400000,0.00831000,0.00833000,0.00798000,0.00812000,210301059.60000000
1771372800000,0.00811000,0.00819000,0.00779000,0.00783000,215234158.00000000
1771459200000,0.00783000,0.00794000,0.00760000,0.00774000,274093890.50000000
1771545600000,0.00773000,0.00799000,0.00757000,0.00782000,267502290.00000000
1771632000000,0.00783000,0.00794000,0.00765000,0.00766000,167352686.30000000
1771718400000,0.00765000,0.00770000,0.00741000,0.00746000,230263004.10000000
1771804800000,0.00745000,0.00757000,0.00710000,0.00732000,313089597.50000000
1771891200000,0.00733000,0.00737000,0.00707000,0.00709000,329448401.80000000
1771977600000,0.00710000,0.00826000,0.00708000,0.00782000,498378779.90000000
1772064000000,0.00783000,0.00787000,0.00739000,0.00759000,360727812.50000000
1772150400000,0.00760000,0.00776000,0.00721000,0.00736000,268621313.00000000
1772236800000,0.00735000,0.00739000,0.00680000,0.00730000,442599100.20000000
1772323200000,0.00730000,0.00754000,0.00698000,0.00714000,336035021.70000000
1772409600000,0.00714000,0.00749000,0.00706000,0.00726000,399596611.90000000
1772496000000,0.00727000,0.00728000,0.00697000,0.00713000,385663452.30000000
1772582400000,0.00713000,0.00766000,0.00701000,0.00746000,363958540.80000000
1772668800000,0.00745000,0.00753000,0.00716200,0.00730000,278776358.70000000
1772755200000,0.00730100,0.00739000,0.00697600,0.00711000,206410630.50000000
1772841600000,0.00711000,0.00712900,0.00689100,0.00693500,134360257.10000000
1772928000000,0.00693400,0.00695400,0.00670600,0.00677700,187154055.40000000
1773014400000,0.00678000,0.00715700,0.00678000,0.00696700,168709894.00000000
1773100800000,0.00696200,0.00729900,0.00695800,0.00701200,235290090.40000000
1773187200000,0.00701100,0.00722000,0.00697100,0.00709700,250536395.10000000
1773273600000,0.00709800,0.00721300,0.00699000,0.00719200,172722385.60000000
1773360000000,0.00719200,0.00757100,0.00717700,0.00723000,301929181.80000000
1773446400000,0.00722700,0.00725900,0.00706200,0.00714500,103097496.80000000
1773532800000,0.00714100,0.00748300,0.00709900,0.00738100,241749399.20000000
1773619200000,0.00738300,0.00783900,0.00735700,0.00779500,187963502.50000000
1773705600000,0.00779600,0.00784300,0.00751900,0.00758700,215921181.30000000
1773792000000,0.00758600,0.00766700,0.00715700,0.00730600,256056073.20000000
1773878400000,0.00730800,0.00737400,0.00709600,0.00725600,154290483.50000000
1773964800000,0.00725500,0.00741600,0.00717200,0.00725100,214591977.70000000
1774051200000,0.00725100,0.00729000,0.00699000,0.00703500,113996830.20000000
1774137600000,0.00703400,0.00712700,0.00679000,0.00687000,165792497.00000000
1774224000000,0.00687000,0.00719400,0.00680900,0.00706400,156733992.80000000
1774310400000,0.00706300,0.00722600,0.00694400,0.00719500,192920436.10000000
1774396800000,0.00719700,0.00724800,0.00705700,0.00710100,194269253.10000000
1774483200000,0.00710100,0.00710600,0.00674600,0.00680000,243776051.70000000
1774569600000,0.00679900,0.00690900,0.00662500,0.00665900,289779797.10000000
1774656000000,0.00666000,0.00687500,0.00658800,0.00666800,135033710.30000000
1774742400000,0.00666800,0.00670800,0.00640600,0.00654200,194158301.30000000
1774828800000,0.00654200,0.00685000,0.00653300,0.00666700,139269106.80000000
1774915200000,0.00666800,0.00678900,0.00658400,0.00677000,223289319.20000000
1775001600000,0.00677100,0.00698200,0.00674700,0.00689100,167783938.60000000
1775088000000,0.00689200,0.00698700,0.00660000,0.00674300,159387095.70000000
1775174400000,0.00674300,0.00710900,0.00672400,0.00698900,216301929.80000000
1775260800000,0.00699000,0.00771900,0.00697000,0.00747700,781820018.60000000
1775347200000,0.00747900,0.00755900,0.00728100,0.00743900,386409952.60000000
1775433600000,0.00744000,0.00754600,0.00710800,0.00714200,232845910.80000000
1775520000000,0.00714200,0.00749700,0.00697100,0.00745700,281717353.10000000
1775606400000,0.00745800,0.00758600,0.00718000,0.00718500,232087700.00000000
1775692800000,0.00718400,0.00730200,0.00704500,0.00712500,189080654.90000000
1775779200000,0.00712600,0.00755500,0.00698200,0.00707700,284770066.50000000
1775865600000,0.00707800,0.00716300,0.00694900,0.00699900,231510406.70000000
1775952000000,0.00700200,0.00705400,0.00670300,0.00673700,199039751.10000000
1776038400000,0.00673700,0.00709700,0.00670300,0.00709500,231341076.10000000
1776124800000,0.00709600,0.00711300,0.00682700,0.00689000,214490917.20000000
1776211200000,0.00689100,0.00709200,0.00687000,0.00706900,143595685.50000000
1776297600000,0.00707000,0.00750200,0.00700700,0.00742100,339061331.90000000
1776384000000,0.00742300,0.00752700,0.00718900,0.00734000,251627577.10000000
1776470400000,0.00734000,0.00738900,0.00705800,0.00706800,227293692.20000000
1776556800000,0.00706800,0.00732500,0.00692400,0.00694500,271830938.50000000
1776643200000,0.00694600,0.00725000,0.00693300,0.00709100,169198976.40000000
1776729600000,0.00709100,0.00724700,0.00698100,0.00716100,177817527.40000000
1776816000000,0.00716100,0.00736000,0.00711000,0.00714300,175609200.50000000
1776902400000,0.00714400,0.00743300,0.00703000,0.00724800,261930032.50000000
1776988800000,0.00724900,0.00738500,0.00717600,0.00726700,169749030.70000000
1777075200000,0.00726600,0.00747100,0.00724100,0.00736500,155672442.80000000
1777161600000,0.00736500,0.00744400,0.00728500,0.00737000,107277858.50000000
1777248000000,0.00737100,0.00744800,0.00713800,0.00722800,153947190.00000000
1777334400000,0.00722600,0.00723200,0.00708500,0.00714000,103718422.00000000
1777420800000,0.00714000,0.00728000,0.00691800,0.00699600,191823980.90000000
1777507200000,0.00699700,0.00712100,0.00692700,0.00699200,102099875.80000000
1777593600000,0.00699500,0.00725800,0.00698800,0.00716600,123847564.30000000
1777680000000,0.00716400,0.00727100,0.00713900,0.00721800,79297834.40000000
1777766400000,0.00721800,0.00726900,0.00714600,0.00721100,73385939.30000000
1777852800000,0.00721100,0.00743500,0.00707000,0.00716400,188362191.20000000
1777939200000,0.00716400,0.00765600,0.00716000,0.00750800,243762691.40000000
1778025600000,0.00750700,0.00777700,0.00746500,0.00771800,279333080.70000000
1778112000000,0.00771900,0.00797500,0.00753700,0.00761900,354286794.20000000
1778198400000,0.00762400,0.00812900,0.00748900,0.00796400,421475051.90000000
1778284800000,0.00796000,0.00812100,0.00742200,0.00758400,615680215.60000000
1778371200000,0.00758400,0.00805300,0.00750000,0.00791800,319555596.70000000
1778457600000,0.00791800,0.00795600,0.00763600,0.00776000,285182278.50000000
1778544000000,0.00776000,0.00785400,0.00738200,0.00748200,214930010.30000000
1778630400000,0.00748200,0.00774900,0.00722000,0.00729600,197342044.60000000
1778716800000,0.00729400,0.00752300,0.00717000,0.00735000,239331822.90000000
1778803200000,0.00735100,0.00745100,0.00686900,0.00703000,231848286.60000000
1778889600000,0.00703000,0.00707200,0.00674500,0.00683700,223912773.40000000
1778976000000,0.00683800,0.00687300,0.00649000,0.00666600,211102195.90000000
1779062400000,0.00666900,0.00680200,0.00661000,0.00676800,176523462.80000000
1779148800000,0.00676800,0.00681300,0.00639900,0.00654700,382899641.30000000
1779235200000,0.00654600,0.00672500,0.00648000,0.00661900,137013149.90000000
1779321600000,0.00661800,0.00674500,0.00652100,0.00670300,236497932.10000000
1779408000000,0.00670400,0.00682300,0.00646200,0.00652200,189639920.00000000
1779494400000,0.00652300,0.00697300,0.00637900,0.00677400,292969263.60000000
1779580800000,0.00677400,0.00680400,0.00652600,0.00663000,156637476.80000000
1779667200000,0.00663100,0.00677400,0.00660500,0.00665000,103378997.80000000
1779753600000,0.00665100,0.00674200,0.00624200,0.00631100,630593618.80000000
1779840000000,0.00631400,0.00638000,0.00606300,0.00610100,379300147.80000000
1779926400000,0.00610000,0.00614200,0.00583800,0.00597500,352906575.90000000
1780012800000,0.00597500,0.00600000,0.00561600,0.00586200,291204205.40000000
1780099200000,0.00586200,0.00645300,0.00584000,0.00611100,701108665.70000000
1780185600000,0.00611100,0.00617800,0.00595200,0.00608800,223280205.80000000
1780272000000,0.00608900,0.00613800,0.00582700,0.00596400,200962942.30000000
1780358400000,0.00596600,0.00597300,0.00543500,0.00553000,297266956.00000000
1780444800000,0.00553100,0.00590000,0.00545100,0.00559600,302102070.70000000
1780531200000,0.00559500,0.00564600,0.00515300,0.00534600,358694293.70000000
1780617600000,0.00534500,0.00534500,0.00458700,0.00476700,539180953.40000000
1780704000000,0.00476800,0.00483800,0.00446900,0.00475400,282509378.40000000
1780790400000,0.00475500,0.00500200,0.00472200,0.00494300,175605305.10000000
1780876800000,0.00494700,0.00503000,0.00481100,0.00494600,148543741.60000000
1780963200000,0.00494500,0.00494700,0.00472500,0.00482200,128344545.50000000
1781049600000,0.00482200,0.00484900,0.00461900,0.00469800,149232816.60000000
1781136000000,0.00470000,0.00499000,0.00469800,0.00498700,150792718.00000000
1781222400000,0.00499100,0.00512000,0.00489400,0.00501100,177429712.10000000
1781308800000,0.00501100,0.00517000,0.00500300,0.00511200,123067977.70000000
1781395200000,0.00511200,0.00514500,0.00487300,0.00509100,107410276.40000000
1781481600000,0.00509100,0.00553000,0.00503200,0.00527300,227564159.60000000
1781568000000,0.00526900,0.00536200,0.00511600,0.00521400,150460062.90000000
1781654400000,0.00521500,0.00525100,0.00495700,0.00504400,181360794.60000000
1781740800000,0.00504500,0.00509600,0.00494000,0.00499800,26001093.50000000
